3.746999999999999886e+00,3.593999999999999861e+00
4.047988505747126098e+00,3.767854406130268341e+00
4.235268199233716224e+00,3.847708812260536515e+00
4.781620689655172285e+00,4.138091954022987906e+00
5.683206896551723730e+00,4.657954022988505471e+00
6.506157088122606069e+00,4.977670498084291850e+00
7.638298850574713583e+00,5.245126436781609947e+00
1.000540613026819692e+01,5.604000000000000092e+00
1.374022222222221856e+01,5.650999999999999801e+00
1.638179310344827755e+01,5.698000000000000398e+00
1.853285823754789163e+01,5.894544061302681826e+00
2.049106896551723977e+01,6.249344827586206463e+00
2.305533103448276222e+01,7.280020689655173349e+00
2.483482068965517087e+01,8.616344827586205568e+00
2.611677241379310033e+01,1.050554482758620622e+01
2.704611379310344788e+01,1.289334137931034618e+01
2.753371034482758617e+01,1.468198620689654987e+01
2.778099999999999881e+01,1.613618620689655003e+01
2.792424137931034522e+01,1.779651724137930913e+01
2.805145593869731613e+01,1.933159770114942333e+01
2.815500000000000114e+01,2.071182758620689768e+01
2.820200000000000173e+01,2.169758620689655260e+01
2.820200000000000173e+01,2.265721839080459432e+01
2.820200000000000173e+01,2.349881609195402277e+01
2.824800000000000111e+01,2.403578544061302935e+01
2.824800000000000111e+01,2.452179310344827456e+01
2.824800000000000111e+01,2.539990804597701057e+01
2.824800000000000111e+01,2.590258237547892506e+01
2.829500000000000171e+01,2.639101149425287218e+01
2.829500000000000171e+01,2.664499999999999957e+01
