3.934000000000000163e+00,2.705000000000000071e+00
4.131608150470220231e+00,3.215206896551724203e+00
4.354675862068965841e+00,3.756517241379310423e+00
4.681282758620689322e+00,4.200282758620689449e+00
5.102034482758620371e+00,4.807393103448275973e+00
5.715347962382445246e+00,5.780068965517242141e+00
6.469717868338557665e+00,7.028326018808777498e+00
7.363978056426331520e+00,8.770874608150469598e+00
8.431310344827586789e+00,1.095062068965517099e+01
9.302655172413793139e+00,1.308627241379310568e+01
9.948884012539185306e+00,1.517359874608150605e+01
1.046427586206896443e+01,1.704306269592476397e+01
1.102563949843260183e+01,1.937313479623824364e+01
1.171985862068965467e+01,2.157357586206896372e+01
1.250261724137931019e+01,2.344285862068965187e+01
1.351337931034482764e+01,2.503171379310344946e+01
1.468128620689654973e+01,2.595514827586206863e+01
1.599719122257053350e+01,2.637015673981191100e+01
1.768221316614420147e+01,2.650499999999999901e+01
1.926397805642632832e+01,2.662481191222570587e+01
2.111874137931034667e+01,2.668567931034482754e+01
2.283117241379310514e+01,2.674862068965517281e+01
2.431857366771159690e+01,2.703447021943573603e+01
2.548959561128526730e+01,2.733068025078370056e+01
2.646665203761755691e+01,2.765337304075234925e+01
2.736161379310344799e+01,2.818897241379310259e+01
2.803798620689655152e+01,2.867973103448275651e+01
2.857614482758620511e+01,2.917114482758620753e+01
2.897500940438871453e+01,2.952300940438871635e+01
2.932400000000000162e+01,2.987199999999999989e+01
