1.129000000000000004e+00,3.967999999999999972e+00
1.238368965517241405e+00,4.030368965517241442e+00
1.399437931034482885e+00,4.266517241379310654e+00
1.649806896551724078e+00,4.689275862068964962e+00
1.876351724137931054e+00,5.251893103448275646e+00
2.289734482758621237e+00,6.055527586206896906e+00
2.832779310344827994e+00,7.068331034482758568e+00
3.467000000000000082e+00,8.252344827586206577e+00
3.652821316614419889e+00,9.152721003134795197e+00
4.109248275862069200e+00,1.090390344827586233e+01
4.641375862068966462e+00,1.210554137931034546e+01
5.971510344827584582e+00,1.490986206896551458e+01
8.408096551724138834e+00,1.908575862068965634e+01
9.841586206896550948e+00,2.131116551724137764e+01
1.143813793103448084e+01,2.356079310344827604e+01
1.264748275862068994e+01,2.493148275862069241e+01
1.320894482758620647e+01,2.544687241379310194e+01
1.410521379310344869e+01,2.614289655172413873e+01
1.497302068965517385e+01,2.653365517241379123e+01
1.606903793103447953e+01,2.679599310344827856e+01
1.704491034482758849e+01,2.697859310344827577e+01
1.805910031347962530e+01,2.711358934169279067e+01
1.907877586206896581e+01,2.722301724137930989e+01
2.025128275862068961e+01,2.725300000000000011e+01
2.092071724137931099e+01,2.734700000000000131e+01
2.189157931034482729e+01,2.753414137931034134e+01
2.311130344827586214e+01,2.776699999999999946e+01
2.408760689655172271e+01,2.781400000000000006e+01
2.484685172413793097e+01,2.781400000000000006e+01
2.539600000000000080e+01,2.786100000000000065e+01
