5.210000000000000187e-01,1.909999999999999920e+00
7.653824451410657925e-01,2.061382445141065833e+00
1.057696551724137901e+00,2.283855172413792989e+00
1.723289655172413726e+00,2.669275862068965388e+00
2.389386206896551457e+00,2.985351724137931040e+00
3.128068965517241118e+00,3.431755485893416946e+00
4.079561128526645319e+00,4.347006269592475824e+00
4.776836990595611177e+00,5.434815047021942291e+00
5.639793103448274891e+00,7.682482758620688301e+00
6.004506896551724537e+00,1.004095172413793158e+01
6.386188087774294253e+00,1.236464890282131712e+01
6.817275862068965075e+00,1.470510344827586025e+01
7.602326018808777341e+00,1.690444827586206955e+01
8.529582758620689376e+00,1.878556551724138046e+01
9.510241379310343746e+00,2.003490689655172474e+01
1.066742758620689635e+01,2.110976206896551943e+01
1.219142068965516934e+01,2.266428620689654849e+01
1.412708150470219337e+01,2.400567398119122231e+01
1.567117241379310499e+01,2.471315360501567326e+01
1.706948902821316594e+01,2.530093103448275826e+01
1.813838275862069338e+01,2.569117241379310457e+01
1.987068965517241637e+01,2.633734482758620743e+01
2.099949216300940336e+01,2.669200000000000017e+01
2.193043887147335269e+01,2.676507836990595735e+01
2.318930407523511406e+01,2.711896551724138149e+01
2.451025517241379248e+01,2.739332413793103527e+01
2.543269655172413835e+01,2.754573793103448054e+01
2.705777241379309928e+01,2.779066206896551705e+01
2.821058620689655072e+01,2.798000940438871709e+01
2.876300000000000168e+01,2.814199999999999946e+01
