7.079999999999999627e-01,4.716000000000000192e+00
1.051423197492163064e+00,4.945206896551724185e+00
2.006672413793103349e+00,5.472517241379310171e+00
3.078241379310344694e+00,5.893103448275862632e+00
4.436482758620688749e+00,6.448987460815047257e+00
6.151335423197492602e+00,6.920034482758621763e+00
8.105965517241379814e+00,7.558128526645767842e+00
1.093646551724137872e+01,7.976893103448276179e+00
1.411429153605015330e+01,8.788974921630094528e+00
1.660751410658307492e+01,9.550862068965518148e+00
1.817713793103448694e+01,1.048106896551724354e+01
1.912999999999999901e+01,1.125713166144200628e+01
1.959220689655172265e+01,1.244336551724138040e+01
2.036077742946708469e+01,1.403364263322884042e+01
2.097989655172413848e+01,1.533479310344827518e+01
2.152560815047021947e+01,1.668651097178683429e+01
2.181157366771159900e+01,1.815384326018808636e+01
2.193599999999999994e+01,1.999457931034482883e+01
2.198300000000000054e+01,2.190344827586206833e+01
2.207246394984326088e+01,2.306032601880877309e+01
2.241799373040752386e+01,2.457621003134796567e+01
2.264366457680251088e+01,2.530132915360501755e+01
2.294441724137930905e+01,2.604327241379310109e+01
2.318588714733542488e+01,2.637487147335423288e+01
2.347546394984325957e+01,2.668850156739812007e+01
2.401068025078369672e+01,2.736449216300940535e+01
2.457344827586206648e+01,2.783344827586206804e+01
2.494784482758620570e+01,2.811384482758620607e+01
2.527117554858934056e+01,2.843740125391849460e+01
2.572299999999999898e+01,2.898300000000000054e+01
