8.950000000000000178e-01,3.593999999999999861e+00
1.771659482758620729e+00,3.967999999999999972e+00
2.460318965517241274e+00,4.125422413793103260e+00
3.388689655172413495e+00,4.368133620689655494e+00
4.760120689655171766e+00,4.784948275862069167e+00
6.440084291187740284e+00,5.166609195402299015e+00
8.883551724137932482e+00,5.696919540229885115e+00
1.114437931034482610e+01,6.283137931034483259e+00
1.287525862068965310e+01,6.870086206896551140e+00
1.534971551724138017e+01,7.767068965517241352e+00
1.751589655172413984e+01,8.754693965517242660e+00
1.978768965517241440e+01,1.019670689655172424e+01
2.168285775862069187e+01,1.317839655172413771e+01
2.269588505747126561e+01,1.498005747126436837e+01
2.303062835249042095e+01,1.682628735632183492e+01
2.289062835249042038e+01,1.868080842911877326e+01
2.231028735632184024e+01,2.056513793103448151e+01
2.180521982758620680e+01,2.226458189655172504e+01
2.174899999999999878e+01,2.312018965517241398e+01
2.180849137931034321e+01,2.407778017241379231e+01
2.207194827586206998e+01,2.476293103448276156e+01
2.221699999999999875e+01,2.520937068965517369e+01
2.239589655172413885e+01,2.551489655172413862e+01
2.259152873563218478e+01,2.571054022988505849e+01
2.278610727969348559e+01,2.585000000000000142e+01
2.297689655172413836e+01,2.595615517241379067e+01
2.354642241379310263e+01,2.627100000000000080e+01
2.406957758620689702e+01,2.653457758620689688e+01
2.480034051724138067e+01,2.677728879310344823e+01
2.530300000000000082e+01,2.701899999999999835e+01
