1.737000000000000099e+00,-7.000000000000000146e-03
1.762220689655172423e+00,3.340655172413792839e-01
2.016837931034482612e+00,1.255355172413793019e+00
2.327275862068965306e+00,2.513372413793103277e+00
2.829410344827585799e+00,4.364641379310343794e+00
3.700758620689655665e+00,7.035946360153257473e+00
4.427103448275862441e+00,9.033848275862069954e+00
5.328620689655171994e+00,1.136517241379310228e+01
6.490321839080458233e+00,1.418564750957854237e+01
7.584931034482759848e+00,1.656523448275862265e+01
8.912351724137931086e+00,1.934770344827586186e+01
1.006902298850574695e+01,2.121727586206896632e+01
1.120206206896551748e+01,2.250406206896551708e+01
1.285217586206896634e+01,2.376345172413792994e+01
1.465603448275861886e+01,2.425262068965517059e+01
1.669262068965517187e+01,2.448131034482758750e+01
1.872182413793102995e+01,2.426886206896551812e+01
2.086183448275862062e+01,2.412000000000000099e+01
2.255760919540229992e+01,2.407400000000000162e+01
2.392464827586206511e+01,2.402700000000000102e+01
2.525206896551724256e+01,2.421817241379310559e+01
2.594359003831417709e+01,2.453209195402298803e+01
2.617803448275861911e+01,2.482568965517241111e+01
2.636957241379310446e+01,2.522202068965517086e+01
2.642500000000000071e+01,2.568172796934866042e+01
2.665462413793103380e+01,2.648758965517241393e+01
2.677339310344827439e+01,2.733811724137931165e+01
2.689199999999999946e+01,2.790832068965517365e+01
2.693900000000000006e+01,2.832401034482758462e+01
2.698600000000000065e+01,2.870299999999999940e+01
