3.233000000000000096e+00,9.280000000000000471e-01
3.279999999999999805e+00,1.022000000000000020e+00
3.315601532567050036e+00,1.187750957854406320e+00
3.354452107279693784e+00,1.452904214559386897e+00
3.467000000000000082e+00,1.784586206896551897e+00
3.666337164750957722e+00,2.381153256704980681e+00
3.963501915708812273e+00,3.082099616858237745e+00
4.358919540229885037e+00,4.308781609195402318e+00
4.811114942528735838e+00,5.784770114942527464e+00
5.233482758620690234e+00,7.574896551724138227e+00
5.460432950191570711e+00,9.691685823754792040e+00
5.361490421455938460e+00,1.241867816091953891e+01
5.290000000000000036e+00,1.482024137931034602e+01
5.301885057471264595e+00,1.650086206896551744e+01
5.620961685823754550e+00,1.849840229885057497e+01
5.933114942528736613e+00,1.997447509578544000e+01
6.551712643678159864e+00,2.176954022988505599e+01
7.400793103448275900e+00,2.305110344827586388e+01
8.499911877394637827e+00,2.408188122605363901e+01
9.641348659003829979e+00,2.504178160919540375e+01
1.036086206896552042e+01,2.527196551724138018e+01
1.179028735632184066e+01,2.572770114942528963e+01
1.363239463601532186e+01,2.654213793103448182e+01
1.560868582375478830e+01,2.685940229885057562e+01
1.827854022988505633e+01,2.718105747126436711e+01
2.022087356321839025e+01,2.765941379310344672e+01
2.296063984674329461e+01,2.843064367816091931e+01
2.451839846743294871e+01,2.894662452107279549e+01
2.547452490421455806e+01,2.951367816091953955e+01
2.581700000000000017e+01,2.968499999999999872e+01
