1.643000000000000016e+00,4.107999999999999652e+00
1.782999999999999918e+00,4.155000000000000249e+00
1.910413793103448166e+00,4.209398119122257143e+00
2.806087774294670822e+00,4.511467084639498637e+00
4.096793103448275630e+00,4.892827586206896839e+00
5.566840125391849803e+00,5.369034482758620719e+00
6.939416927899686449e+00,5.756307210031348376e+00
9.042003134796237518e+00,5.955843260188087740e+00
1.244166144200626789e+01,6.380924764890282042e+00
1.579297178683385638e+01,7.221463949843260011e+00
1.938248275862069647e+01,8.395275862068967143e+00
2.193355172413793142e+01,9.804952978056425295e+00
2.311789968652037430e+01,1.121744827586206839e+01
2.428012643678160742e+01,1.335188505747126442e+01
2.498899686520376306e+01,1.544625391849529628e+01
2.516199999999999903e+01,1.740497805642633367e+01
2.500849425287356453e+01,1.910798850574712304e+01
2.457786833855799102e+01,2.116061755485893414e+01
2.436700000000000088e+01,2.280784952978056523e+01
2.432100000000000151e+01,2.377368965517241151e+01
2.432100000000000151e+01,2.475587460815047436e+01
2.447907523510971828e+01,2.567142006269592613e+01
2.476339498432601971e+01,2.642074921630093698e+01
2.496306583072100338e+01,2.685575862068965591e+01
2.528009717868338413e+01,2.755883385579937439e+01
2.566024137931034232e+01,2.807879310344827672e+01
2.603626645768024872e+01,2.843953291536050187e+01
2.639980564263322904e+01,2.877098432601880873e+01
2.678012852664576826e+01,2.915112852664577048e+01
2.707900000000000063e+01,2.949800000000000111e+01
