2.999000000000000110e+00,4.716000000000000192e+00
3.401831896551724022e+00,4.762999999999999901e+00
3.959750957854406117e+00,4.855999999999999872e+00
4.856961685823755204e+00,4.855999999999999872e+00
6.119659003831417365e+00,4.950000000000000178e+00
6.714659003831417117e+00,4.996000000000000441e+00
7.933396551724138490e+00,5.675758620689655309e+00
8.752436781609194583e+00,6.697298850574711970e+00
9.087517241379309496e+00,8.149862068965516571e+00
9.172800766283524254e+00,9.452329501915709642e+00
9.264099616858239017e+00,1.143645210727969719e+01
9.443176245210727515e+00,1.331631417624520886e+01
9.791425287356322116e+00,1.523943678160919646e+01
1.050317241379310396e+01,1.718442145593869697e+01
1.168189655172413666e+01,1.908662068965517022e+01
1.288127586206896602e+01,2.105127586206896595e+01
1.428720306513409710e+01,2.217620306513409645e+01
1.563323371647509497e+01,2.320690421455938690e+01
1.715203831417624514e+01,2.382810727969348719e+01
1.890416475095785032e+01,2.459068199233716356e+01
2.038403448275862218e+01,2.528363601532567273e+01
2.214693103448276190e+01,2.603558620689655356e+01
2.364870114942528545e+01,2.656172413793103360e+01
2.467798275862068991e+01,2.687900000000000134e+01
2.572619157088122677e+01,2.732434099616858347e+01
2.681079310344827249e+01,2.783524904214559470e+01
2.806071264367816198e+01,2.820132567049808259e+01
2.853962452107279546e+01,2.832900000000000063e+01
2.872201293103448450e+01,2.842807758620689640e+01
2.899599999999999866e+01,2.860900000000000176e+01
