1.737000000000000099e+00,2.270000000000000073e-01
1.780356321839080325e+00,3.182988505747126329e-01
1.824597701149425211e+00,4.555977011494252715e-01
1.923999999999999932e+00,7.249655172413793647e-01
2.307793103448275485e+00,1.382482758620689367e+00
2.876353448275862590e+00,2.131965517241380059e+00
3.424141762452107329e+00,2.828168582375478746e+00
3.977992337164750758e+00,3.475122605363984540e+00
4.922984674329501154e+00,4.642490421455937266e+00
5.447467432950191757e+00,6.023996168582375965e+00
5.570999999999999730e+00,8.071252873563219410e+00
5.887195402298850411e+00,1.122001532567049686e+01
6.262256704980843303e+00,1.402964750957854534e+01
6.652662835249041784e+00,1.679254022988505923e+01
7.129762452107279103e+00,1.895397318007662690e+01
7.935360153256705296e+00,2.159471264367816090e+01
9.038164750957852434e+00,2.410079693486589747e+01
1.076095785440612929e+01,2.578485057471264241e+01
1.268605363984674383e+01,2.636499999999999844e+01
1.488643295019156731e+01,2.641199999999999903e+01
1.747891187739464058e+01,2.593193486590038077e+01
2.013875862068965716e+01,2.552998467432950136e+01
2.257389272030651028e+01,2.507838314176245120e+01
2.398111877394635982e+01,2.496199999999999974e+01
2.497251724137931106e+01,2.485312931034482631e+01
2.619372413793103505e+01,2.472800000000000153e+01
2.775003448275862183e+01,2.492310344827586022e+01
2.821809195402298798e+01,2.515980459770115019e+01
2.900944827586206642e+01,2.562504597701149578e+01
2.946399999999999864e+01,2.589699999999999847e+01
