3.340000000000000191e-01,4.996000000000000441e+00
5.909827586206896077e-01,5.346982758620689502e+00
9.743103448275861611e-01,5.704251231527093680e+00
2.012128078817734256e+00,6.404546798029556953e+00
2.883871921182265652e+00,7.025620689655172058e+00
4.758505747126437591e+00,7.877229885057471570e+00
7.711977011494252743e+00,8.299522988505747989e+00
1.120867487684729014e+01,8.273167487684728982e+00
1.537083333333333002e+01,8.269000000000000128e+00
1.906898029556650442e+01,8.452354679802956738e+00
2.281883908045977449e+01,1.017037931034483123e+01
2.446929064039408530e+01,1.333558128078817617e+01
2.483500000000000085e+01,1.572177011494252952e+01
2.463758128078817577e+01,1.816897044334975320e+01
2.393316256157635280e+01,2.049233990147783047e+01
2.341550738916255980e+01,2.226116748768473030e+01
2.315200000000000102e+01,2.347348275862069045e+01
2.319800000000000040e+01,2.424695402298850411e+01
2.342991625615763596e+01,2.491291625615763650e+01
2.377817241379310431e+01,2.554136781609195239e+01
2.432464532019704606e+01,2.611062561576354923e+01
2.464124712643678095e+01,2.627100000000000080e+01
2.497916748768473028e+01,2.636499999999999844e+01
2.524195402298850510e+01,2.650499999999999901e+01
2.560190804597700875e+01,2.661750574712643669e+01
2.585774876847290571e+01,2.659900000000000020e+01
2.617503448275861899e+01,2.661961576354679693e+01
2.663237438423645287e+01,2.687900000000000134e+01
2.713840229885057198e+01,2.691438505747126442e+01
2.843499999999999872e+01,2.720599999999999952e+01
