2.250999999999999890e+00,1.723000000000000087e+00
2.204000000000000181e+00,1.767789968652037524e+00
2.499295977011494418e+00,2.190359195402298731e+00
2.875229885057471346e+00,2.796241379310345110e+00
3.173979885057470973e+00,3.440155172413793316e+00
3.451677115987461075e+00,4.328391849529780622e+00
3.781034482758620641e+00,5.331954022988505848e+00
4.267410919540229663e+00,6.600793103448276078e+00
4.993203761755485637e+00,8.480394984326018459e+00
5.621689655172414035e+00,1.039012068965517166e+01
6.223655172413793402e+00,1.344959482758620872e+01
6.770241379310343532e+00,1.631944827586206515e+01
7.288965517241379644e+00,1.906283908045977071e+01
8.135764367816092246e+00,2.176353160919540386e+01
9.101643678160918682e+00,2.364146551724137879e+01
1.004129885057471228e+01,2.493835632183908046e+01
1.086123563218390586e+01,2.585723563218390453e+01
1.206111494252873584e+01,2.729798850574712787e+01
1.406444827586207147e+01,2.822582758620689702e+01
1.620773275862068630e+01,2.909536206896551747e+01
1.749858620689655453e+01,2.951032758620689833e+01
1.866391536050156930e+01,2.971066771159874520e+01
2.004479597701149274e+01,2.984701436781609019e+01
2.139405747126436808e+01,2.996499999999999986e+01
2.238493103448276145e+01,2.996499999999999986e+01
2.332862931034482656e+01,2.994121551724137831e+01
2.441031034482758599e+01,2.973100000000000165e+01
2.563064080459770011e+01,2.973100000000000165e+01
2.638900313479623705e+01,2.973100000000000165e+01
2.703300000000000125e+01,2.977799999999999869e+01
