2.869999999999999774e-01,-1.000000000000000056e-01
3.340000000000000191e-01,3.815862068965517051e-01
3.800991379310345031e-01,7.173965517241379652e-01
5.588836206896551362e-01,1.219728448275862132e+00
7.603534482758620427e-01,1.984232758620689374e+00
1.121685344827586306e+00,3.152482758620689829e+00
1.786224137931034406e+00,4.466991379310344179e+00
2.890491379310344389e+00,5.359137931034482882e+00
5.173163793103446650e+00,5.791000000000000369e+00
7.477827586206896804e+00,5.372103448275861837e+00
1.051959051724138305e+01,4.592543103448274877e+00
1.420123275862068724e+01,4.248000000000000220e+00
1.721056465517241563e+01,4.358409482758620612e+00
2.048720689655172222e+01,4.955948275862068542e+00
2.271996551724137703e+01,6.028396551724137353e+00
2.435715517241379402e+01,8.511482758620690703e+00
2.497175862068965557e+01,1.064110344827586019e+01
2.523959051724137836e+01,1.217648275862068985e+01
2.525782327586206932e+01,1.409406034482758763e+01
2.471574568965517216e+01,1.607757758620689259e+01
2.441400000000000148e+01,1.743672413793103715e+01
2.437793965517241546e+01,1.873553448275862010e+01
2.432100000000000151e+01,2.011715517241379203e+01
2.427400000000000091e+01,2.081884482758620791e+01
2.427400000000000091e+01,2.192346120689655109e+01
2.431553017241379422e+01,2.300147413793103368e+01
2.461923275862069005e+01,2.385803879310344655e+01
2.478800000000000026e+01,2.435530603448275500e+01
2.483500000000000085e+01,2.474582758620689660e+01
2.492800000000000082e+01,2.514900000000000091e+01
