9.419999999999999485e-01,3.407000000000000028e+00
1.034999999999999920e+00,3.597989655172413759e+00
1.408355172413793044e+00,4.247034482758620832e+00
1.881213793103448273e+00,4.813668965517241105e+00
2.174410344827585995e+00,5.009127586206896687e+00
2.989973180076628712e+00,5.510758620689655274e+00
4.205744827586207712e+00,6.088765517241379932e+00
5.605568965517241153e+00,6.598965517241379253e+00
7.839647509578542284e+00,6.875908045977011440e+00
1.048759310344827611e+01,7.142827586206896839e+00
1.329029310344827586e+01,7.602175862068965451e+00
1.628845977011494028e+01,8.447114942528735071e+00
1.906044827586207191e+01,9.615737931034484376e+00
2.088631379310344727e+01,1.098592068965517221e+01
2.238751724137931021e+01,1.267417241379310333e+01
2.335475862068965469e+01,1.387082758620689660e+01
2.387860689655172308e+01,1.489227586206896525e+01
2.429571724137931099e+01,1.631283448275862114e+01
2.505897701149425316e+01,1.857879310344827672e+01
2.609282758620689435e+01,2.101688275862068522e+01
2.709617931034483007e+01,2.326599310344827387e+01
2.734659003831417579e+01,2.416917241379310255e+01
2.756401724137931097e+01,2.490672413793103246e+01
2.781866206896551930e+01,2.573602068965517375e+01
2.819205747126436989e+01,2.644905747126436779e+01
2.838462413793103423e+01,2.664071724137930985e+01
2.864339310344827538e+01,2.696833103448275537e+01
2.885632413793103623e+01,2.716015862068965347e+01
2.908546206896551567e+01,2.727423103448276009e+01
2.927700000000000102e+01,2.748699999999999832e+01
