4.963000000000000078e+00,6.480000000000000204e-01
5.251206896551724235e+00,6.480000000000000204e-01
5.749327586206896434e+00,6.480000000000000204e-01
6.428319749216300671e+00,6.480000000000000204e-01
7.247398119122257398e+00,6.480000000000000204e-01
8.308620689655173308e+00,8.025862068965518015e-01
9.358404388714733457e+00,9.959216300940438860e-01
1.052186520376175416e+01,1.091495297805642473e+00
1.270827586206896420e+01,1.498749216300939713e+00
1.544506034482758672e+01,2.409379310344827552e+00
1.719220689655172407e+01,3.232247648902822235e+00
1.970735109717868383e+01,4.577551724137929767e+00
2.118647126436781392e+01,5.913183908045977155e+00
2.265628526645767948e+01,7.942852664576802724e+00
2.356482445141065796e+01,9.705658307210029534e+00
2.456220689655172507e+01,1.179140438871473506e+01
2.541140438871473251e+01,1.359611912225705055e+01
2.593593103448275983e+01,1.518206896551724050e+01
2.641223197492163166e+01,1.683569592476489163e+01
2.681255485893417045e+01,1.793575235109717880e+01
2.711546551724137899e+01,1.900031896551724131e+01
2.726599999999999824e+01,1.992783072100313291e+01
2.731403134796238064e+01,2.085110344827586104e+01
2.759860188087774446e+01,2.175091536050156904e+01
2.785941379310344956e+01,2.267710344827586155e+01
2.800174294670846464e+01,2.328769592476488981e+01
2.827430094043887365e+01,2.401145768025078553e+01
2.851360344827586246e+01,2.473667241379310155e+01
2.866900000000000048e+01,2.519393730407523790e+01
2.871600000000000108e+01,2.533599999999999852e+01
