1.316000000000000059e+00,2.891999999999999904e+00
1.437798408488063728e+00,3.267689655172413943e+00
1.782931034482758692e+00,3.795327586206896697e+00
2.111000000000000210e+00,4.363339080459770258e+00
2.234793103448275975e+00,4.559465517241378940e+00
2.396537356321839063e+00,4.919494252873563234e+00
2.762982758620689872e+00,5.786974137931035322e+00
3.108425287356321398e+00,6.738321839080459341e+00
3.495517241379309858e+00,7.842551724137929448e+00
4.105712643678161022e+00,9.875385057471266492e+00
4.784058355437665888e+00,1.237023342175066354e+01
5.409442528735632472e+00,1.477207471264367733e+01
6.152912466843501349e+00,1.721583023872679163e+01
7.029097701149424893e+00,1.947641379310344689e+01
8.025643678160919947e+00,2.137049425287356286e+01
9.328413793103448981e+00,2.278141379310345016e+01
1.133226436781608726e+01,2.408624137931034426e+01
1.430344031830238549e+01,2.497072679045092869e+01
1.632089655172413956e+01,2.528397701149425458e+01
1.846687002652519638e+01,2.574894164456233270e+01
2.102090517241379430e+01,2.623470977011494298e+01
2.314224137931034520e+01,2.680348275862068874e+01
2.468678160919539977e+01,2.725710344827585985e+01
2.600681896551724392e+01,2.767520689655172461e+01
2.731039942528735764e+01,2.825996839080459822e+01
2.840648275862069028e+01,2.870313793103448319e+01
2.924719540229884984e+01,2.898732183908046167e+01
2.980680172413793017e+01,2.923280172413792855e+01
3.012790716180371220e+01,2.940399999999999991e+01
3.025900000000000034e+01,2.940399999999999991e+01
