2.111000000000000210e+00,5.540000000000000480e-01
2.186761755485893577e+00,6.923260188087774214e-01
2.433285266457680063e+00,1.170175548589341696e+00
2.806813793103448251e+00,1.622275862068965457e+00
3.130304075235109451e+00,1.959827586206896344e+00
3.614237931034482987e+00,2.479237931034483200e+00
4.245551724137931693e+00,3.017441379310344729e+00
5.161068965517240592e+00,3.472448275862068723e+00
7.426820689655169616e+00,3.803365517241379390e+00
1.036397241379310508e+01,4.092441379310344907e+00
1.342874482758621291e+01,4.255779310344828481e+00
1.740365517241378868e+01,4.562603448275861950e+00
2.133022884012539322e+01,5.382078369905956450e+00
2.363191034482758468e+01,6.830317241379310289e+00
2.580563009404388453e+01,9.335645768025077729e+00
2.704604388714733787e+01,1.237462068965517403e+01
2.731299999999999883e+01,1.563379999999999548e+01
2.703818495297805669e+01,1.791936677115987209e+01
2.662534482758620769e+01,1.973744827586207151e+01
2.633488965517241454e+01,2.131937931034482503e+01
2.623022068965517306e+01,2.257734482758620942e+01
2.619099999999999895e+01,2.367922758620689905e+01
2.619099999999999895e+01,2.503110344827586076e+01
2.614399999999999835e+01,2.674418620689655413e+01
2.614399999999999835e+01,2.724576206896551867e+01
2.617847648902821334e+01,2.783312539184952783e+01
2.633099999999999952e+01,2.870813103448275783e+01
2.637800000000000011e+01,2.920447648902821314e+01
2.642500000000000071e+01,2.948311912225705456e+01
2.642500000000000071e+01,2.973100000000000165e+01
