4.214999999999999858e+00,3.967999999999999972e+00
4.781528735632184279e+00,4.359413793103448675e+00
5.319614420062696247e+00,4.707307210031347999e+00
5.608652298850574702e+00,4.875178160919539927e+00
6.273870689655172583e+00,5.123862068965517658e+00
7.214525862068965623e+00,5.548364942528736243e+00
8.256660919540228960e+00,6.016356321839079868e+00
9.755643678160918597e+00,6.425471264367816460e+00
1.245637931034482548e+01,6.633000000000000007e+00
1.504822570532915549e+01,6.825862068965517615e+00
1.882984195402299576e+01,7.842951149425289259e+00
2.231834770114942401e+01,9.058339080459770543e+00
2.370605172413793227e+01,1.035449137931034436e+01
2.495293103448275929e+01,1.228931034482758555e+01
2.537547126436781753e+01,1.369655172413793132e+01
2.530837931034482935e+01,1.495882758620689756e+01
2.488455172413793193e+01,1.642451724137930924e+01
2.442358620689655169e+01,1.822933620689655143e+01
2.417352298850574854e+01,2.037822701149425342e+01
2.413400000000000034e+01,2.188137356321838922e+01
2.422552664576802428e+01,2.271066457680251105e+01
2.471927586206896521e+01,2.344412068965517193e+01
2.536981034482758801e+01,2.392004597701149393e+01
2.605756896551724111e+01,2.422264367816092090e+01
2.659943103448275892e+01,2.445204310344827547e+01
2.727184482758620376e+01,2.481428448275861953e+01
2.841125862068965446e+01,2.530291091954023130e+01
2.900178683385579603e+01,2.554038557993730407e+01
2.929470114942528625e+01,2.566300000000000026e+01
2.955699999999999861e+01,2.571000000000000085e+01
