5.299999999999999850e-02,3.640000000000000124e+00
2.895210727969348419e-01,3.829521072796934877e+00
5.880613026819921929e-01,4.076019157088122569e+00
1.092478448275862268e+00,4.489844827586207288e+00
1.664762931034482474e+00,4.866939655172413559e+00
2.424047413793103622e+00,5.357047413793103452e+00
3.075501915708812373e+00,6.017406130268199149e+00
3.843436781609195219e+00,7.186712643678160539e+00
4.585525862068965175e+00,8.751931034482758776e+00
5.144034482758621074e+00,1.065087931034482693e+01
5.603870689655172654e+00,1.261267241379310455e+01
6.060781609195402098e+00,1.450734482758620558e+01
6.724812260536398689e+00,1.686805363984674244e+01
7.926172413793103111e+00,1.943286973180076416e+01
8.929021551724137140e+00,2.118532758620689549e+01
1.030428448275862152e+01,2.298720258620689805e+01
1.207931417624520876e+01,2.450149808429118536e+01
1.357556704980842888e+01,2.518357471264367575e+01
1.554522988505747350e+01,2.581579310344827860e+01
1.742193965517241239e+01,2.623812931034482787e+01
1.883337931034483148e+01,2.636499999999999844e+01
2.020947413793103564e+01,2.636499999999999844e+01
2.151256321839080599e+01,2.622400000000000020e+01
2.298909195402298877e+01,2.614090421455938795e+01
2.444190517241379368e+01,2.603699999999999903e+01
2.569588362068965282e+01,2.599099999999999966e+01
2.646578879310344945e+01,2.599099999999999966e+01
2.719489655172413478e+01,2.599099999999999966e+01
2.795796934865900241e+01,2.599099999999999966e+01
2.848199999999999932e+01,2.603699999999999903e+01
