4.739999999999999769e-01,1.582999999999999963e+00
4.997689655172413703e-01,1.727989655172413874e+00
7.215172413793102812e-01,2.260496551724137770e+00
1.172275862068965502e+00,3.136889655172414137e+00
1.688186206896551633e+00,4.086413793103448100e+00
2.342637931034483145e+00,5.251327586206897102e+00
3.080393103448276104e+00,5.958937931034482993e+00
4.239768965517241028e+00,6.165000000000000036e+00
5.639593103448275357e+00,6.176082758620689894e+00
7.822165517241380428e+00,5.476251724137931376e+00
1.004500000000000171e+01,5.044620689655172185e+00
1.421268965517240979e+01,4.855999999999999872e+00
1.746147126436781960e+01,5.427620689655173081e+00
2.054603831417624704e+01,6.499019157088122611e+00
2.296571647509578540e+01,7.930831417624520263e+00
2.507984674329502184e+01,9.858712643678162024e+00
2.639182758620689384e+01,1.188347126436781132e+01
2.698888505747126487e+01,1.367275862068965431e+01
2.735675862068965358e+01,1.535924137931034750e+01
2.766431034482758733e+01,1.741937931034482290e+01
2.792099999999999937e+01,1.900150344827586579e+01
2.806099999999999994e+01,2.008447586206896673e+01
2.820945517241379363e+01,2.124306896551723867e+01
2.832838620689654974e+01,2.253544137931034541e+01
2.834199999999999875e+01,2.309336206896551857e+01
2.834199999999999875e+01,2.383273793103448313e+01
2.840533793103448090e+01,2.477772413793103468e+01
2.847746206896551513e+01,2.536948275862068769e+01
2.855023103448275990e+01,2.612646206896551604e+01
2.862199999999999989e+01,2.650499999999999901e+01
