1.830000000000000071e+00,1.799999999999999933e-01
2.048153256704980940e+00,2.660766283524904630e-01
2.567103448275862121e+00,5.593103448275862366e-01
3.182272030651340788e+00,9.820229885057470964e-01
4.124206896551723567e+00,1.369168582375478893e+00
5.452639846743296381e+00,1.854816091954023527e+00
7.155605363984673950e+00,2.485279693486589725e+00
9.748758620689654819e+00,3.293954022988505592e+00
1.291370881226053591e+01,3.948413793103448199e+00
1.584080459770114935e+01,4.984816091954023420e+00
1.785993486590038515e+01,6.205735632183909445e+00
1.986022988505747122e+01,7.657275862068964933e+00
2.117821072796935056e+01,8.939241379310345792e+00
2.254205172413793079e+01,1.077570689655172309e+01
2.330380076628352626e+01,1.232252490421455882e+01
2.397336015325670289e+01,1.383667432950191767e+01
2.471053448275862152e+01,1.575308620689654937e+01
2.515893869731800692e+01,1.712237931034482941e+01
2.554588505747126348e+01,1.838777011494252989e+01
2.619278160919539999e+01,2.057058237547892787e+01
2.641797701149425492e+01,2.132001149425287423e+01
2.667542528735631890e+01,2.208258620689655061e+01
2.699532183908046079e+01,2.271813793103448020e+01
2.738173563218390782e+01,2.335795402298850476e+01
2.765218007662835475e+01,2.381130268199233768e+01
2.822804597701149376e+01,2.478187739463601247e+01
2.858636781609195410e+01,2.527137547892720448e+01
2.880900000000000105e+01,2.549706896551724000e+01
2.909792337164751075e+01,2.604492337164750992e+01
2.937000000000000099e+01,2.622400000000000020e+01
