2.999000000000000110e+00,1.864000000000000101e+00
3.142781609195401948e+00,1.865850574712643706e+00
3.466462643678160926e+00,1.956864942528735662e+00
4.127985632183908571e+00,2.383229885057471353e+00
4.447735632183908550e+00,2.564729885057471126e+00
5.021275862068965701e+00,2.564999999999999947e+00
5.989172413793103722e+00,2.564999999999999947e+00
7.028882183908045533e+00,2.754971264367815920e+00
8.044160919540228605e+00,3.170310344827585780e+00
9.132074712643678538e+00,4.549143678160920246e+00
1.014762643678161069e+01,7.456853448275866825e+00
1.066943103448275743e+01,1.024993965517241357e+01
1.076099999999999923e+01,1.227889655172413974e+01
1.043399999999999928e+01,1.549365517241379386e+01
1.061816379310344871e+01,1.788787931034482881e+01
1.104852298850574854e+01,1.950699137931034599e+01
1.224624137931034262e+01,2.185664367816091769e+01
1.371505172413793083e+01,2.323763793103448094e+01
1.496054310344827520e+01,2.388335344827586226e+01
1.637870977011494134e+01,2.454436206896551553e+01
1.780622988505747628e+01,2.482199999999999918e+01
1.955959770114942486e+01,2.486854022988505619e+01
2.149578160919540082e+01,2.514457471264367783e+01
2.315400862068965537e+01,2.566421551724138084e+01
2.393731034482758702e+01,2.607917241379310269e+01
2.502334482758620382e+01,2.683281034482758542e+01
2.553252586206896524e+01,2.715824425287356192e+01
2.623826724137930810e+01,2.781440517241379240e+01
2.651425862068965600e+01,2.832332758620689717e+01
2.670499999999999829e+01,2.856200000000000117e+01
