1.596000000000000085e+00,2.283999999999999808e+00
1.650743295019157175e+00,2.385743295019157273e+00
1.737000000000000099e+00,2.623301724137931057e+00
1.782999999999999918e+00,3.166517241379310121e+00
1.782999999999999918e+00,4.236206896551723666e+00
1.782999999999999918e+00,5.122547413793103743e+00
1.917517241379310233e+00,6.220241379310345486e+00
2.698689655172413548e+00,7.548689655172412749e+00
4.513517241379308764e+00,8.513129310344828227e+00
7.377651340996169260e+00,8.643000000000000682e+00
1.031025000000000169e+01,8.252741379310345238e+00
1.438637068965517152e+01,8.128999999999999559e+00
1.794521839080459813e+01,8.496873563218391823e+00
2.083309482758620845e+01,1.018926724137931039e+01
2.192752155172413708e+01,1.171304310344827471e+01
2.296638793103448251e+01,1.431370258620689739e+01
2.301099999999999923e+01,1.596490517241378981e+01
2.285425287356321888e+01,1.889301149425287107e+01
2.266232327586206807e+01,2.038716810344827834e+01
2.254400000000000048e+01,2.220832758620689518e+01
2.257875478927203261e+01,2.343978927203065510e+01
2.272593534482758670e+01,2.396491379310344882e+01
2.287099999999999866e+01,2.416700000000000159e+01
2.296499999999999986e+01,2.421399999999999864e+01
2.305799999999999983e+01,2.426099999999999923e+01
2.319404597701149484e+01,2.428179693486589841e+01
2.345874137931034298e+01,2.440099999999999980e+01
2.395965948275861734e+01,2.464660344827586158e+01
2.488961302681992294e+01,2.512593486590038339e+01
2.567699999999999960e+01,2.571000000000000085e+01
