2.338000000000000078e+00,3.787999999999999812e+00
2.229000000000000092e+00,4.153034482758620527e+00
2.229000000000000092e+00,4.544999999999999929e+00
2.338000000000000078e+00,4.990215517241379573e+00
2.338000000000000078e+00,5.463137931034482087e+00
2.338000000000000078e+00,6.060999999999999943e+00
2.338000000000000078e+00,7.142999999999999794e+00
2.338000000000000078e+00,7.973668965517241247e+00
2.767993103448274983e+00,9.948034482758620456e+00
3.413296551724138261e+00,1.205694482758620723e+01
4.260441379310345056e+00,1.412635172413793327e+01
5.285137931034480374e+00,1.650043103448275517e+01
6.727331034482759264e+00,1.916866206896551716e+01
8.026931034482759131e+00,2.116493103448275903e+01
1.020597241379310383e+01,2.377732413793103206e+01
1.196368965517241456e+01,2.503202758620689750e+01
1.442935172413792522e+01,2.577364137931034449e+01
1.709144827586206716e+01,2.612966896551724361e+01
1.887924137931034707e+01,2.619000000000000128e+01
2.167797241379309980e+01,2.608200000000000074e+01
2.355670344827586504e+01,2.548364827586206971e+01
2.485398620689655047e+01,2.510800000000000054e+01
2.650700689655172226e+01,2.500000000000000000e+01
2.712099999999999866e+01,2.521600000000000108e+01
2.744600000000000151e+01,2.577066206896551748e+01
2.782686206896551795e+01,2.651872413793103433e+01
2.819089655172413700e+01,2.714068103448275693e+01
2.842000000000000171e+01,2.770599999999999952e+01
2.870459482758620595e+01,2.835500000000000043e+01
2.885300000000000153e+01,2.878800000000000026e+01
