1.782999999999999918e+00,1.799999999999999933e-01
1.884106100795756022e+00,1.799999999999999933e-01
2.192379310344827470e+00,2.951671087533156435e-01
3.009788177339901338e+00,7.054827586206896539e-01
3.859864532019704253e+00,1.227864532019704358e+00
4.344448275862069941e+00,1.623687002652520084e+00
5.183474801061007220e+00,2.103204244031830150e+00
5.828827586206896783e+00,2.646694960212201408e+00
6.352477453580901212e+00,3.931551724137929860e+00
6.611092838196286792e+00,5.833848806366049189e+00
6.692999999999999616e+00,8.390327586206900889e+00
6.803103448275861886e+00,1.076962561576354460e+01
6.978325123152709253e+00,1.305029310344827742e+01
7.402965517241379523e+00,1.605323607427055776e+01
8.034363395225463833e+00,1.878432891246684378e+01
8.998424403183022946e+00,2.131356498673740063e+01
9.961909814323606227e+00,2.312106896551723878e+01
1.123795073891625584e+01,2.423448768472906423e+01
1.270105418719212054e+01,2.485189655172413836e+01
1.415396551724137630e+01,2.540132758620689302e+01
1.627440053050398205e+01,2.617588594164456239e+01
1.757712997347480055e+01,2.650288063660477533e+01
1.921147745358090120e+01,2.691602652519893724e+01
2.046938726790450858e+01,2.736286206896551576e+01
2.172098408488064081e+01,2.791431299734747995e+01
2.280282512315270793e+01,2.832568965517241466e+01
2.364328817733990107e+01,2.872659359605911433e+01
2.459145358090185596e+01,2.905568169761273367e+01
2.492800000000000082e+01,2.921699999999999875e+01
2.516199999999999903e+01,2.930999999999999872e+01
