2.951999999999999957e+00,9.280000000000000471e-01
2.999000000000000110e+00,1.022000000000000020e+00
3.092999999999999972e+00,1.232297413793103535e+00
3.311327586206896711e+00,1.521327586206896676e+00
3.559594827586206822e+00,1.863594827586206870e+00
3.802306034482758612e+00,2.254435344827586007e+00
4.168000000000000149e+00,2.657297413793103580e+00
4.386603448275862682e+00,3.048534482758620712e+00
4.728189655172413630e+00,3.730775862068965054e+00
5.602672413793103878e+00,4.630969827586207010e+00
8.220597701149426229e+00,5.389988505747126624e+00
1.100812068965517021e+01,5.245801724137931110e+00
1.404697413793103600e+01,5.182999999999999829e+00
1.710813362068965660e+01,5.244991379310345536e+00
1.977524137931034076e+01,6.152689655172412841e+00
2.118637931034482946e+01,7.314896551724138440e+00
2.236668103448275602e+01,8.731689655172411690e+00
2.394933189655172256e+01,1.095845258620689577e+01
2.499080172413793122e+01,1.299247413793103512e+01
2.528301149425287520e+01,1.454295402298850348e+01
2.561419827586206921e+01,1.679432758620690080e+01
2.581700000000000017e+01,1.832925862068965728e+01
2.592539655172413759e+01,1.964512068965516889e+01
2.598110775862069133e+01,2.071062068965517255e+01
2.609700000000000131e+01,2.177951724137931322e+01
2.619099999999999895e+01,2.248480172413793099e+01
2.625267241379310335e+01,2.333630172413793247e+01
2.640170258620689481e+01,2.437810775862068624e+01
2.656500000000000128e+01,2.494457758620689702e+01
2.661199999999999832e+01,2.528900000000000148e+01
