2.999000000000000110e+00,2.705000000000000071e+00
3.544542319749216297e+00,3.344542319749216563e+00
3.993670846394984153e+00,3.699670846394984114e+00
4.299012539184952963e+00,3.799601880877743199e+00
4.995169278996865359e+00,3.899341692789968672e+00
5.978391849529780977e+00,4.234034482758620932e+00
6.910470219435736361e+00,4.849266457680250220e+00
7.477448275862069060e+00,5.956896551724137012e+00
7.775366771159874624e+00,7.105253918495296972e+00
8.002000000000000668e+00,9.073429467084640265e+00
7.969639498432601776e+00,1.147733855799373082e+01
7.862000000000000099e+00,1.389141379310344782e+01
8.117482758620690575e+00,1.646148902821316895e+01
8.656689655172414177e+00,1.980911912225705152e+01
9.149896551724136629e+00,2.190138557993730117e+01
9.862902821316614776e+00,2.370570219435736803e+01
1.084198119122256898e+01,2.492626018808777033e+01
1.200805956112852613e+01,2.625605956112852724e+01
1.348106896551724354e+01,2.746913793103448143e+01
1.465186206896551546e+01,2.810929153605015429e+01
1.606541379310345263e+01,2.843915673981191361e+01
1.796035109717868394e+01,2.878871159874607955e+01
1.977230721003134661e+01,2.922489968652037362e+01
2.152028840125391795e+01,2.951578369905956123e+01
2.336282758620689748e+01,2.963800000000000168e+01
2.540300313479623640e+01,2.963800000000000168e+01
2.667575235109717724e+01,2.963800000000000168e+01
2.799450156739811746e+01,2.947607210031348046e+01
2.927978683385579828e+01,2.935699999999999932e+01
2.988500000000000156e+01,2.935699999999999932e+01
