4.541999999999999815e+00,1.864000000000000101e+00
5.001896551724137829e+00,2.278655172413792673e+00
5.777218390804597981e+00,2.875908045977011440e+00
6.729620689655171795e+00,3.382689655172413712e+00
8.151431034482758520e+00,4.012637931034482186e+00
9.798094827586208311e+00,4.857741379310344776e+00
1.163136015325670414e+01,5.421141762452107216e+00
1.437383908045976888e+01,6.187122605363984285e+00
1.689982758620689651e+01,7.087245210727968647e+00
1.841052873563218384e+01,7.824498084291187538e+00
1.954326819923371872e+01,8.760816091954024998e+00
2.052394252873563119e+01,9.955007662835248183e+00
2.191671264367816008e+01,1.177604214559386975e+01
2.294450957854406070e+01,1.371320306513409903e+01
2.338500000000000156e+01,1.570428735632183859e+01
2.343199999999999861e+01,1.837267432950191548e+01
2.325832567049808475e+01,2.009298084291187436e+01
2.283336398467433170e+01,2.179212260536398560e+01
2.277799999999999869e+01,2.290299616858237641e+01
2.277799999999999869e+01,2.379871647509578381e+01
2.304053256704980868e+01,2.520806513409961624e+01
2.336526053639846623e+01,2.597692337164750853e+01
2.383013026819923397e+01,2.674026053639846623e+01
2.417640229885057579e+01,2.710885823754789214e+01
2.469325862068965449e+01,2.747038793103448384e+01
2.522115517241379123e+01,2.776699999999999946e+01
2.571717241379310437e+01,2.793213793103448239e+01
2.645189655172413623e+01,2.824580459770114871e+01
2.699134482758620734e+01,2.842200000000000060e+01
2.717299999999999827e+01,2.851599999999999824e+01
