1.268999999999999906e+00,4.200999999999999623e+00
1.500326018808777473e+00,4.462771159874607818e+00
1.795890282131661575e+00,4.898285266457680365e+00
2.287682758620689594e+00,5.313682758620689839e+00
3.120608150470219222e+00,5.840827586206896349e+00
4.183475862068966045e+00,6.453237931034482955e+00
5.477544827586207532e+00,6.996627586206896510e+00
7.310172413793102564e+00,7.288000000000000256e+00
1.044345517241379007e+01,7.333999999999999631e+00
1.393385517241379290e+01,7.333999999999999631e+00
1.615290344827586821e+01,7.337889655172413761e+00
1.870441379310344843e+01,7.635258620689655551e+00
2.061096551724137882e+01,8.074482758620689538e+00
2.251893103448275824e+01,9.174772413793103709e+00
2.488485266457680112e+01,1.128274921630093885e+01
2.570610344827586147e+01,1.275448902821316643e+01
2.637024827586206754e+01,1.456263448275861805e+01
2.720011285266457435e+01,1.691543887147335212e+01
2.726599999999999824e+01,1.803456896551724498e+01
2.740311034482758501e+01,1.939468275862068580e+01
2.740700000000000003e+01,2.065256551724138134e+01
2.740700000000000003e+01,2.131707931034483039e+01
2.723282758620689492e+01,2.180320689655172472e+01
2.698081379310344730e+01,2.279500689655172252e+01
2.689199999999999946e+01,2.380685862068965619e+01
2.689199999999999946e+01,2.428221943573667474e+01
2.684600000000000009e+01,2.492531724137931093e+01
2.684600000000000009e+01,2.543434796238244289e+01
2.684600000000000009e+01,2.578911912225705194e+01
2.684600000000000009e+01,2.589699999999999847e+01
