3.092999999999999972e+00,3.826999999999999957e+00
3.549913793103448345e+00,4.378913793103448526e+00
3.789948275862069060e+00,4.618034482758620385e+00
4.055896551724138099e+00,4.837896551724138128e+00
4.478965517241379146e+00,5.299689655172413083e+00
4.769222570532915206e+00,5.770811912225705775e+00
5.085216300940438749e+00,6.279037617554859452e+00
5.619448275862068520e+00,6.987053291536049926e+00
6.048390804597700843e+00,7.950229885057470192e+00
6.700712643678160774e+00,9.221120689655172953e+00
7.514301724137932403e+00,1.109491954022988658e+01
8.840390804597699770e+00,1.422070114942528463e+01
9.797505747126436404e+00,1.673543678160919512e+01
1.088037931034482853e+01,1.927038871473354220e+01
1.210118808777429322e+01,2.135008463949843005e+01
1.297160188087774380e+01,2.268191536050156998e+01
1.396725078369905759e+01,2.368631034482758579e+01
1.502542241379310184e+01,2.420778735632184109e+01
1.613544827586206765e+01,2.439073563218390817e+01
1.718669827586206722e+01,2.455734195402298781e+01
1.829124712643678308e+01,2.481764367816091976e+01
1.936879885057471284e+01,2.513887068965517102e+01
2.042169592476488660e+01,2.552055172413793116e+01
2.128998746081504478e+01,2.594399999999999906e+01
2.178274294670846345e+01,2.619818808777429453e+01
2.260037931034482739e+01,2.666931034482758633e+01
2.360833620689655277e+01,2.713110344827586218e+01
2.453618965517241080e+01,2.754606896551723949e+01
2.545709482758620723e+01,2.805606034482758560e+01
2.586400000000000077e+01,2.828200000000000003e+01
