4.636000000000000121e+00,3.640000000000000124e+00
5.220089655172413856e+00,4.025668965517241737e+00
5.480978056426332401e+00,4.107999999999999652e+00
5.876275862068965239e+00,4.200999999999999623e+00
6.374658620689654498e+00,4.294999999999999929e+00
6.889175548589341780e+00,4.294999999999999929e+00
7.757175548589342107e+00,4.341999999999999638e+00
8.639558620689655299e+00,4.389000000000000234e+00
9.976648275862068260e+00,4.452503448275861864e+00
1.189661128526645761e+01,4.666862068965516919e+00
1.472908965517241775e+01,5.449955172413794457e+00
1.756129655172413706e+01,6.454689655172412444e+00
2.010077241379310564e+01,7.677693103448277157e+00
2.268369905956112831e+01,1.019938871473354247e+01
2.413940689655172278e+01,1.266514482758620375e+01
2.474683448275862219e+01,1.494914482758620800e+01
2.488200000000000145e+01,1.740805642633228345e+01
2.438607931034482945e+01,1.974217931034482376e+01
2.381037586206896606e+01,2.185567241379310488e+01
2.361899999999999977e+01,2.344708965517240884e+01
2.364316300940438964e+01,2.494443887147335559e+01
2.379743448275862150e+01,2.586217931034482831e+01
2.409568965517241423e+01,2.666244137931034430e+01
2.446622570532915475e+01,2.734029153605015594e+01
2.491882445141066071e+01,2.803882445141065816e+01
2.533596551724138024e+01,2.864296551724137885e+01
2.574487931034482813e+01,2.923872413793103320e+01
2.614002194357366804e+01,2.963402194357366781e+01
2.631933103448275801e+01,2.981333103448275779e+01
2.642500000000000071e+01,2.991799999999999926e+01
