1.129000000000000004e+00,3.874000000000000110e+00
1.268999999999999906e+00,4.069711206896551303e+00
1.426422413793103416e+00,4.312422413793103537e+00
1.669133620689655206e+00,4.959978448275862206e+00
2.027793103448275680e+00,5.929637931034482001e+00
2.460149425287356362e+00,6.910651340996168734e+00
3.509241379310345188e+00,8.405701149425286900e+00
4.895413793103448263e+00,9.314206896551723958e+00
6.826801724137929739e+00,9.391999999999999460e+00
8.944258620689657491e+00,8.749913793103448967e+00
1.118242241379310542e+01,8.027017241379310164e+00
1.413229310344827283e+01,7.167172413793104546e+00
1.723183620689655626e+01,6.759120689655171432e+00
1.990363218390804434e+01,6.738919540229884930e+00
2.201781992337164695e+01,7.731934865900382370e+00
2.362301915708812317e+01,9.094808429118774740e+00
2.478771264367815874e+01,1.102742528735631922e+01
2.556446120689654933e+01,1.300192241379310154e+01
2.601201724137931137e+01,1.452024137931034531e+01
2.648376293103448376e+01,1.630706896551723872e+01
2.677347413793103215e+01,1.786035344827586258e+01
2.695237068965517224e+01,1.897046982758620715e+01
2.730489655172413777e+01,2.016868965517241463e+01
2.740752873563218373e+01,2.094368965517241321e+01
2.764000000000000057e+01,2.204895785440612954e+01
2.775805172413793187e+01,2.274341379310344635e+01
2.801399999999999935e+01,2.378773275862068814e+01
2.806099999999999994e+01,2.419657758620689592e+01
2.823947413793103678e+01,2.467247413793103661e+01
2.829500000000000171e+01,2.500900000000000034e+01
