3.887000000000000011e+00,4.155000000000000249e+00
3.887000000000000011e+00,4.200999999999999623e+00
3.887000000000000011e+00,4.429712643678160866e+00
3.980999999999999872e+00,4.893344827586206591e+00
4.073999999999999844e+00,5.224417624521072945e+00
4.112716475095785640e+00,5.720149425287356593e+00
4.214999999999999858e+00,6.743574712643678026e+00
4.485478448275862284e+00,7.847797413793102805e+00
5.053025862068964535e+00,8.746318965517241750e+00
6.147796934865900731e+00,9.064000000000000057e+00
8.398386973180079096e+00,8.755915708812260334e+00
1.087836015325670047e+01,7.815325670498085131e+00
1.523035344827586357e+01,7.259840517241379132e+00
1.851293103448275801e+01,7.370068965517241111e+00
2.153919540229884788e+01,8.255425287356320752e+00
2.307480459770114933e+01,9.683402298850575463e+00
2.370489655172413990e+01,1.160658620689654796e+01
2.405884051724137862e+01,1.409576293103448208e+01
2.431212643678161101e+01,1.601659386973180332e+01
2.471121455938697409e+01,1.794253256704980615e+01
2.508257088122605438e+01,1.992363984674329558e+01
2.532785344827586371e+01,2.171148275862068999e+01
2.568631896551724125e+01,2.362544827586206964e+01
2.578098467432950258e+01,2.433995402298850408e+01
2.605910727969348528e+01,2.523724137931034761e+01
2.638904597701149513e+01,2.630995785440612877e+01
2.661524137931034417e+01,2.712265517241379342e+01
2.685668965517241347e+01,2.789858620689654956e+01
2.712870114942528943e+01,2.866674712643677836e+01
2.726599999999999824e+01,2.903000000000000114e+01
