2.064000000000000057e+00,1.161999999999999922e+00
2.223891246684349898e+00,2.006572944297082106e+00
2.298000000000000043e+00,2.315198275862068833e+00
2.391000000000000014e+00,2.560678160919540147e+00
2.531000000000000139e+00,2.814396551724137829e+00
2.589074712643677945e+00,2.903074712643678001e+00
2.811189655172413815e+00,3.125594827586206659e+00
3.249206896551723567e+00,3.656425287356321441e+00
3.822517241379309816e+00,4.493034482758619497e+00
4.480158045977011838e+00,5.869672413793104226e+00
5.051220159151193378e+00,7.453175066312997643e+00
5.497419540229884660e+00,9.135522988505746511e+00
6.020639257294430280e+00,1.092028381962864714e+01
6.639879310344826813e+00,1.422262356321838972e+01
7.298172413793102997e+00,1.682402298850574596e+01
8.366942528735632933e+00,1.984106896551724120e+01
9.906353448275860174e+00,2.242435344827585908e+01
1.172280636604774351e+01,2.407908222811671095e+01
1.402490229885057715e+01,2.555574137931034784e+01
1.605228116710875241e+01,2.635116180371352712e+01
1.735348563218391149e+01,2.636499999999999844e+01
1.852717241379310664e+01,2.649041379310344624e+01
2.001156321839080476e+01,2.687283908045976943e+01
2.137540517241379234e+01,2.734739655172413819e+01
2.216186206896551880e+01,2.756350574712643464e+01
2.368462068965517275e+01,2.808074137931034286e+01
2.531127586206896396e+01,2.852409770114942589e+01
2.642547413793103317e+01,2.882760344827586252e+01
2.700400795755968275e+01,2.899210079575597021e+01
2.745299999999999940e+01,2.921699999999999875e+01
