2.064000000000000057e+00,3.686999999999999833e+00
2.495225705329153332e+00,4.258269592476489507e+00
3.146698275862068961e+00,4.910698275862068307e+00
3.685159874608150421e+00,5.505620689655172484e+00
4.252304075235109337e+00,6.333608150470219300e+00
4.862896551724137595e+00,7.462103448275862583e+00
5.726319749216300714e+00,9.412880877742946240e+00
6.270448275862069210e+00,1.109080877742946569e+01
6.910702194357365435e+00,1.348718181818181705e+01
7.602456896551724519e+00,1.552244827586206988e+01
8.581871473354233615e+00,1.775216614420062911e+01
9.605043887147335369e+00,1.933056739811912195e+01
1.056067816091954015e+01,2.054503448275861999e+01
1.162128526645767934e+01,2.152740752351096987e+01
1.285679310344827542e+01,2.196896865203761706e+01
1.418323824451410609e+01,2.206299999999999883e+01
1.541152664576802422e+01,2.220918808777429376e+01
1.642349425287356368e+01,2.250110344827586317e+01
1.748020062695924892e+01,2.277549216300940316e+01
1.839686206896551823e+01,2.302510971786833949e+01
1.959255172413793389e+01,2.344454310344827519e+01
2.031529780564263277e+01,2.378990595611285386e+01
2.123758307210031404e+01,2.409750470219436025e+01
2.199791536050156893e+01,2.450475862068965682e+01
2.285996551724138115e+01,2.494741379310344698e+01
2.371886833855799281e+01,2.538017241379310107e+01
2.442984012539184846e+01,2.587630094043887041e+01
2.495976724137931058e+01,2.612330172413793150e+01
2.547973040752350826e+01,2.640581191222570467e+01
2.572299999999999898e+01,2.655199999999999960e+01
