3.185999999999999943e+00,1.395999999999999908e+00
4.116165517241379135e+00,1.783937931034482727e+00
5.039233716475095548e+00,2.034643678160919400e+00
6.116496551724138087e+00,2.235406896551724198e+00
7.531572413793103493e+00,2.452282758620689673e+00
9.954670498084290386e+00,2.777210727969348536e+00
1.250146206896551782e+01,3.027813793103448337e+00
1.493031034482758557e+01,3.462586206896551833e+00
1.832300000000000040e+01,4.343413793103447773e+00
2.061854789272030430e+01,5.159195402298850652e+00
2.342770881226053703e+01,7.164034482758622424e+00
2.520163793103447958e+01,9.276751724137929145e+00
2.616592337164750859e+01,1.091837547892720295e+01
2.666106551724137930e+01,1.310097586206896558e+01
2.670499999999999829e+01,1.520877241379310263e+01
2.644135517241379318e+01,1.676022758620689856e+01
2.612179655172413817e+01,1.808074827586206723e+01
2.585139463601532483e+01,1.920168199233716422e+01
2.552234482758620615e+01,2.007045172413793210e+01
2.537421072796934851e+01,2.061011494252873533e+01
2.520557854406130005e+01,2.105103448275862377e+01
2.502199999999999847e+01,2.198703448275862016e+01
2.495609195402299108e+01,2.263372413793103632e+01
2.492800000000000082e+01,2.348663448275862109e+01
2.492800000000000082e+01,2.445645210727969499e+01
2.506899999999999906e+01,2.488712413793103195e+01
2.506899999999999906e+01,2.524299999999999855e+01
2.509984291187739203e+01,2.547686973180076464e+01
2.516199999999999903e+01,2.566300000000000026e+01
2.520899999999999963e+01,2.580399999999999849e+01
