4.916000000000000369e+00,4.762999999999999901e+00
4.916000000000000369e+00,5.116625615763546797e+00
4.989625615763547017e+00,5.704251231527093680e+00
5.150000000000000355e+00,6.244876847290639965e+00
5.290000000000000036e+00,7.352753694581280364e+00
5.473556034482759181e+00,8.716409482758621152e+00
5.895831896551724682e+00,1.070368534482758527e+01
6.369909482758620456e+00,1.332037068965517257e+01
6.492629310344827154e+00,1.417470258620689449e+01
6.785999999999999588e+00,1.577477155172413958e+01
6.971866995073892070e+00,1.752010344827586508e+01
7.594206896551724206e+00,1.981037931034482469e+01
8.333394088669949795e+00,2.155239408866994921e+01
9.402359605911330576e+00,2.269859605911330291e+01
1.052053201970443297e+01,2.353825123152709509e+01
1.260065517241379496e+01,2.434890640394088734e+01
1.508256157635467609e+01,2.485304433497536891e+01
1.772947783251231257e+01,2.498746798029556615e+01
1.988662068965517449e+01,2.430886206896551727e+01
2.204168472906403409e+01,2.275710344827586340e+01
2.494325862068966160e+01,2.154133620689654904e+01
2.649809913793103533e+01,2.177891379310344888e+01
2.691327155172413654e+01,2.277690517241379098e+01
2.689199999999999946e+01,2.387681034482758591e+01
2.675199999999999889e+01,2.488177586206896663e+01
2.670499999999999829e+01,2.605912807881773219e+01
2.670499999999999829e+01,2.695359605911329837e+01
2.672537438423645284e+01,2.764112315270935838e+01
2.675199999999999889e+01,2.801118719211822850e+01
2.679899999999999949e+01,2.823499999999999943e+01
