4.636000000000000121e+00,2.517999999999999794e+00
4.757632183908046208e+00,2.743896551724137822e+00
4.999755172413792970e+00,3.237272413793103265e+00
5.453268965517241718e+00,3.932020689655172596e+00
5.787206896551724711e+00,4.324206896551724633e+00
6.676527586206896459e+00,5.350831034482759208e+00
7.718593103448275983e+00,6.443103448275862455e+00
9.261344827586205142e+00,7.313793103448276156e+00
1.188228275862068806e+01,7.834251724137931028e+00
1.420439080459770231e+01,7.849000000000000199e+00
1.718519923371647806e+01,7.801999999999999602e+00
2.044875862068965233e+01,8.437120689655172256e+00
2.311983103448276111e+01,9.683103448275863556e+00
2.340250344827586204e+01,1.002849655172413712e+01
2.355335632183907890e+01,1.057789655172413745e+01
2.414345977011494071e+01,1.188073563218390838e+01
2.489913103448276033e+01,1.351727586206896348e+01
2.520527241379310368e+01,1.532877931034482799e+01
2.528274137931034460e+01,1.717193103448276048e+01
2.530300000000000082e+01,1.911531800766283240e+01
2.525600000000000023e+01,2.090254406130268450e+01
2.519425172413793135e+01,2.170067931034482811e+01
2.512148275862069013e+01,2.249224137931034306e+01
2.511499999999999844e+01,2.342094482758620799e+01
2.511775517241379063e+01,2.417520689655172461e+01
2.520899999999999963e+01,2.471409961685823475e+01
2.530300000000000082e+01,2.527872413793103235e+01
2.530300000000000082e+01,2.566300000000000026e+01
2.534900000000000020e+01,2.594399999999999906e+01
2.539600000000000080e+01,2.622400000000000020e+01
