1.469999999999999918e-01,3.733999999999999986e+00
1.469999999999999918e-01,3.925537931034482675e+00
1.469999999999999918e-01,4.154513793103448371e+00
2.190620689655172204e-01,4.460606896551723821e+00
2.913758620689654300e-01,4.776034482758620747e+00
4.369425287356323295e-01,5.249486590038314304e+00
6.652137931034483032e-01,5.948765517241379364e+00
8.309827586206895988e-01,6.658293103448275296e+00
1.090908045977011298e+00,7.459321839080458538e+00
1.651468965517241649e+00,8.999579310344827832e+00
2.433765517241379239e+00,1.098193793103448357e+01
3.275275862068964816e+00,1.288955172413792916e+01
4.515241379310345415e+00,1.525202068965517377e+01
5.761920689655172012e+00,1.726837241379310584e+01
6.983172413793102606e+00,1.907206896551723929e+01
8.158482758620690944e+00,2.066351724137931001e+01
9.463824137931030833e+00,2.185068620689655106e+01
1.138651034482758462e+01,2.299461379310345066e+01
1.295270114942528927e+01,2.372293103448275886e+01
1.473487931034482479e+01,2.419682068965517274e+01
1.638488275862069088e+01,2.430699999999999861e+01
1.801467432950191494e+01,2.434949808429118789e+01
1.950410344827585973e+01,2.446465517241379217e+01
2.141357931034482576e+01,2.467687586206896810e+01
2.308575478927203051e+01,2.490545593869731889e+01
2.501239310344827160e+01,2.531858965517241344e+01
2.639051034482758595e+01,2.570578620689655125e+01
2.722080344827585918e+01,2.599132068965517206e+01
2.821370344827586152e+01,2.631346206896551720e+01
2.857600000000000051e+01,2.645799999999999841e+01
