4.121000000000000441e+00,3.781000000000000139e+00
4.202283819628647166e+00,3.826999999999999957e+00
4.926055702917771839e+00,4.078702917771883207e+00
5.579663129973474689e+00,4.443851458885941241e+00
5.971155172413793011e+00,4.613715517241379516e+00
7.320212643678161157e+00,5.187568965517241892e+00
8.606379310344827616e+00,5.713261494252873440e+00
1.003515804597701155e+01,5.936425287356321689e+00
1.202236206896551529e+01,6.327057471264367905e+00
1.496768965517241590e+01,6.520022988505747463e+00
1.858930459770115107e+01,7.015137931034482577e+00
2.096375862068965645e+01,7.740145888594163637e+00
2.232897082228116759e+01,8.929456233421751321e+00
2.368759946949602124e+01,1.113571352785145940e+01
2.469223607427055711e+01,1.323954641909814178e+01
2.541770291777188362e+01,1.576451458885941825e+01
2.562999999999999901e+01,1.765525198938991736e+01
2.569188594164456063e+01,1.987099204244031725e+01
2.572549336870026337e+01,2.219912201591512257e+01
2.581700000000000017e+01,2.370193678160919504e+01
2.590782758620689918e+01,2.445893103448275951e+01
2.616074712643678168e+01,2.550482758620689694e+01
2.646657471264367700e+01,2.617354310344827439e+01
2.684654022988505773e+01,2.672527873563218392e+01
2.736650574712643547e+01,2.741846839080459830e+01
2.793765804597700964e+01,2.801765804597701148e+01
2.848493103448275932e+01,2.844263395225464208e+01
2.909718832891246620e+01,2.884686472148541014e+01
2.961671618037135190e+01,2.918271618037135440e+01
2.969800000000000040e+01,2.926399999999999935e+01
