2.438000000000000167e+00,6.480000000000000204e-01
2.531000000000000139e+00,1.353989655172413764e+00
2.531000000000000139e+00,1.769355172413793031e+00
2.862668965517241038e+00,2.484096551724138013e+00
3.101658620689655255e+00,3.059068965517241168e+00
3.532486590038314667e+00,3.883701149425287991e+00
4.286193103448276531e+00,4.872765517241379740e+00
5.311603448275861616e+00,5.306982758620689467e+00
7.661651340996167292e+00,5.464000000000000412e+00
1.146417931034482862e+01,5.375172413793102955e+00
1.552246896551724120e+01,5.293996551724138300e+00
1.961375862068965148e+01,5.941321839080459632e+00
2.279806206896551757e+01,6.713531034482758564e+00
2.420631379310344755e+01,7.759648275862068623e+00
2.572479310344827397e+01,9.431689655172412756e+00
2.712951724137931109e+01,1.157496551724138101e+01
2.781913793103447929e+01,1.343368620689654946e+01
2.819357241379310608e+01,1.565865517241379123e+01
2.820200000000000173e+01,1.691886206896551670e+01
2.824800000000000111e+01,1.839464827586206752e+01
2.824800000000000111e+01,1.940671034482758728e+01
2.824800000000000111e+01,2.040808812260536342e+01
2.829500000000000171e+01,2.096170689655172126e+01
2.838478620689654974e+01,2.216946896551723967e+01
2.848199999999999932e+01,2.288551340996168548e+01
2.852899999999999991e+01,2.332071724137930957e+01
2.855039310344827541e+01,2.382323448275862177e+01
2.857600000000000051e+01,2.463515862068965490e+01
2.864323103448275987e+01,2.491046206896551496e+01
2.866900000000000048e+01,2.528900000000000148e+01
