4.541999999999999815e+00,2.144000000000000128e+00
4.630689655172414376e+00,2.212068965517241192e+00
5.046379310344828006e+00,2.471000000000000085e+00
5.807896551724137879e+00,2.768206896551724139e+00
6.737793103448275644e+00,2.939000000000000057e+00
7.566931034482759166e+00,3.044103448275861989e+00
8.555206896551723617e+00,3.474379310344827942e+00
9.517448275862067320e+00,4.486586206896551410e+00
9.852965517241379700e+00,6.361965517241377377e+00
9.727172413793102379e+00,9.051827586206897536e+00
9.153137931034482477e+00,1.171500000000000163e+01
8.702999999999999403e+00,1.470127586206896275e+01
8.943482758620691087e+00,1.776472413793103655e+01
9.551655172413793693e+00,1.994734482758620686e+01
1.032351724137931015e+01,2.190372413793103590e+01
1.125744827586206931e+01,2.378382758620689685e+01
1.216527586206896494e+01,2.496344827586206705e+01
1.333113793103448330e+01,2.597779310344827408e+01
1.462079310344827654e+01,2.660865517241379408e+01
1.590882758620689508e+01,2.706762068965517187e+01
1.733786206896552073e+01,2.748217241379310494e+01
1.883720689655172364e+01,2.789989655172413663e+01
2.091065517241379013e+01,2.844320689655172529e+01
2.258744827586206938e+01,2.903000000000000114e+01
2.285965517241379175e+01,2.903000000000000114e+01
2.315200000000000102e+01,2.903000000000000114e+01
2.352372413793103334e+01,2.895220689655172563e+01
2.460727586206895978e+01,2.879599999999999937e+01
2.616334482758620439e+01,2.879599999999999937e+01
2.675199999999999889e+01,2.893599999999999994e+01
