3.279999999999999805e+00,2.096999999999999975e+00
3.274057471264367525e+00,2.185057471264367557e+00
3.911827586206896523e+00,2.878520376175548900e+00
4.852304597701149191e+00,3.571037356321839162e+00
5.511439655172413410e+00,3.928293103448275758e+00
6.190568965517241118e+00,4.337408045977011462e+00
7.774040229885057052e+00,4.998482758620689026e+00
9.708643678160918000e+00,5.576896551724138007e+00
1.178694827586206628e+01,6.101017241379310008e+00
1.485831034482758817e+01,6.875777429467085256e+00
1.762056609195402856e+01,7.703977011494254512e+00
1.955939080459770096e+01,8.283051724137930449e+00
2.135251724137931006e+01,9.300637931034483330e+00
2.256793103448275772e+01,1.036551724137930997e+01
2.378902298850574581e+01,1.195790804597701040e+01
2.468267816091954003e+01,1.377156321839080633e+01
2.512958620689655120e+01,1.521206896551723986e+01
2.520899999999999963e+01,1.619050862068965557e+01
2.516199999999999903e+01,1.742656609195402240e+01
2.516199999999999903e+01,1.842338505747126121e+01
2.507044200626959096e+01,1.948222257053291884e+01
2.489643103448275951e+01,2.046196551724138146e+01
2.462747126436781642e+01,2.152344252873562880e+01
2.455399999999999849e+01,2.211864367816091814e+01
2.464799999999999969e+01,2.253963505747126561e+01
2.480785344827586414e+01,2.323012931034482520e+01
2.484891091954023068e+01,2.380134770114942455e+01
2.507750783699059483e+01,2.494958620689655149e+01
2.518564367816091831e+01,2.523734482758620601e+01
2.534900000000000020e+01,2.566300000000000026e+01
