4.541999999999999815e+00,2.330999999999999961e+00
4.617632183908046528e+00,2.499632183908045757e+00
4.785237931034482806e+00,2.761237931034482340e+00
4.951006896551723990e+00,2.974006896551724122e+00
5.180287356321839454e+00,3.156613026819923284e+00
5.471548275862069488e+00,3.538793103448276245e+00
5.942565517241379602e+00,4.059565517241379595e+00
6.565827586206895994e+00,4.541827586206895973e+00
7.180572413793102626e+00,5.471893103448274509e+00
7.758475095785440701e+00,6.730440613026820174e+00
8.357762452107280637e+00,8.336919540229887460e+00
8.817258620689655046e+00,1.020072413793103472e+01
9.135182758620690180e+00,1.232561034482758799e+01
9.434496551724137703e+00,1.490457931034482719e+01
9.647988505747125743e+00,1.698262068965517102e+01
9.976459770114942671e+00,1.884901149425287414e+01
1.059664137931034311e+01,2.094542068965517245e+01
1.130344137931034432e+01,2.244323448275862276e+01
1.247627586206896666e+01,2.423331034482758639e+01
1.412972030651340738e+01,2.498023754789272033e+01
1.543255938697318186e+01,2.547427969348659005e+01
1.693954137931034509e+01,2.611349655172413975e+01
1.845844827586206804e+01,2.639903448275861919e+01
2.021084137931034519e+01,2.676344827586206776e+01
2.153416896551724236e+01,2.702175517241379055e+01
2.246919923371647343e+01,2.714469348659003956e+01
2.400742758620689443e+01,2.731199310344827680e+01
2.536948965517241206e+01,2.747776206896551443e+01
2.623544827586206551e+01,2.761673563218390726e+01
2.698600000000000065e+01,2.781400000000000006e+01
