1.596000000000000085e+00,3.220000000000000195e+00
1.502999999999999892e+00,3.277668965517241517e+00
1.455999999999999961e+00,3.478489028213166190e+00
1.455999999999999961e+00,3.984982758620689847e+00
1.455999999999999961e+00,4.443751724137930736e+00
1.455999999999999961e+00,4.968752351097178277e+00
1.455999999999999961e+00,5.932482758620690078e+00
1.728248275862068972e+00,7.440117241379309299e+00
2.460641379310344323e+00,9.749675862068963639e+00
3.860699059561128799e+00,1.354377429467084859e+01
4.797962068965517801e+00,1.535833793103448563e+01
6.096606896551723054e+00,1.697906551724138069e+01
7.431437931034483135e+00,1.848658965517241271e+01
9.017009404388714344e+00,1.984537931034482838e+01
1.164971724137930842e+01,2.107573793103448168e+01
1.430173793103448432e+01,2.190504827586207170e+01
1.709405642633228339e+01,2.254412539184952990e+01
1.922805172413793073e+01,2.309889655172413825e+01
2.112504827586206702e+01,2.364719655172413582e+01
2.284266206896551665e+01,2.427482758620689296e+01
2.444476489028213351e+01,2.496465203761755447e+01
2.540817931034482768e+01,2.548817931034482598e+01
2.635135862068965196e+01,2.614552413793103369e+01
2.741782445141065949e+01,2.696629153605015716e+01
2.800482445141065924e+01,2.749628213166144164e+01
2.860030689655172154e+01,2.798358965517241259e+01
2.905758620689655203e+01,2.834343103448275869e+01
2.931956426332288501e+01,2.860502194357366790e+01
2.954557931034482721e+01,2.883133103448275847e+01
2.969800000000000040e+01,2.903000000000000114e+01
