4.916000000000000369e+00,-7.000000000000000146e-03
4.963000000000000078e+00,1.663896551724138029e-01
5.009999999999999787e+00,3.576413793103448424e-01
5.116613793103447883e+00,7.220827586206897131e-01
5.336351724137931463e+00,1.300562068965517293e+00
5.521244827586206938e+00,1.901793103448276012e+00
5.844841379310345530e+00,2.907331034482758980e+00
6.221310344827585936e+00,4.146620689655172498e+00
6.597833855799373204e+00,5.829786833855798101e+00
6.692999999999999616e+00,8.582241379310346474e+00
6.859579310344828151e+00,1.156728620689655429e+01
7.658662068965516490e+00,1.520017241379310136e+01
8.612434482758621002e+00,1.779367586206896590e+01
9.975706896551724157e+00,2.054622068965517201e+01
1.155706896551724050e+01,2.239558620689655299e+01
1.384872413793103618e+01,2.318851724137931214e+01
1.643289999999999651e+01,2.342240344827586185e+01
1.855223448275862097e+01,2.368466896551724332e+01
2.002917931034482635e+01,2.415481379310345034e+01
2.108862413793103130e+01,2.456142068965517211e+01
2.168817241379310445e+01,2.487459310344827657e+01
2.226476802507837149e+01,2.529076802507837129e+01
2.273468965517241358e+01,2.571405172413793139e+01
2.312477241379310300e+01,2.610377241379310220e+01
2.353696206896551857e+01,2.651596206896551777e+01
2.411161379310344799e+01,2.727875517241379200e+01
2.454733793103448036e+01,2.784738620689655164e+01
2.498456206896551635e+01,2.835748275862069079e+01
2.516199999999999903e+01,2.877963103448275817e+01
2.530300000000000082e+01,2.893599999999999994e+01
