1.643000000000000016e+00,3.266000000000000014e+00
1.643000000000000016e+00,3.455521072796934767e+00
1.648042145593869634e+00,3.618996168582375272e+00
1.737000000000000099e+00,4.016633620689655793e+00
1.737000000000000099e+00,4.305939655172413616e+00
1.689999999999999947e+00,4.897353448275861609e+00
1.689999999999999947e+00,5.747310344827586626e+00
1.854850574712643585e+00,7.245873563218390601e+00
2.308706896551723897e+00,8.838465517241379743e+00
2.740293103448276035e+00,1.120620689655172519e+01
3.813094827586207103e+00,1.377918965517241467e+01
5.065988505747125892e+00,1.592277011494252648e+01
6.437007662835249278e+00,1.727142911877394482e+01
7.658187739463602206e+00,1.861085823754789104e+01
1.102457327586206759e+01,2.109179741379310258e+01
1.334381465517241416e+01,2.239330603448275880e+01
1.538395785440612684e+01,2.293382758620689543e+01
1.751817624521072858e+01,2.323199999999999932e+01
1.950743678160919714e+01,2.323199999999999932e+01
2.153693965517241082e+01,2.304500000000000171e+01
2.291515517241379740e+01,2.296477586206896504e+01
2.403253448275862070e+01,2.295100000000000051e+01
2.498498850574712549e+01,2.307957471264367655e+01
2.528319157088122537e+01,2.326909578544061219e+01
2.600964655172413842e+01,2.380695258620689714e+01
2.646564655172413794e+01,2.420853017241379135e+01
2.683809913793103519e+01,2.466794396551724233e+01
2.716291570881225681e+01,2.509202298850574664e+01
2.754195785440613164e+01,2.552047892720306521e+01
2.773400000000000176e+01,2.580399999999999849e+01
