4.448000000000000398e+00,3.220000000000000195e+00
4.530061576354680319e+00,3.412467980295566417e+00
5.646374384236453103e+00,4.207467980295566790e+00
6.854714942528735477e+00,4.886521839080459451e+00
7.685747126436782040e+00,5.331574712643678104e+00
9.106705747126436989e+00,6.386675862068965870e+00
9.979081280788177466e+00,7.885256157635467389e+00
9.636950738916256753e+00,9.347305418719210834e+00
8.585804597701150342e+00,1.101864367816091850e+01
7.437703448275861717e+00,1.326511494252873646e+01
6.575158620689654398e+00,1.729634712643678540e+01
6.326756157635467837e+00,2.163319458128078665e+01
6.755418719211822243e+00,2.315918719211822463e+01
7.650793103448275900e+00,2.414284482758620953e+01
9.100379310344827388e+00,2.554864827586206744e+01
1.060020689655172532e+01,2.651144137931034450e+01
1.210387931034482634e+01,2.726510344827586252e+01
1.360155665024630522e+01,2.777774384236453287e+01
1.504790886699507624e+01,2.824338423645320262e+01
1.630364827586206644e+01,2.854560919540229591e+01
1.750292183908046084e+01,2.870299999999999940e+01
1.876805747126437041e+01,2.884029885057471176e+01
2.023564532019704032e+01,2.895151231527093572e+01
2.127090640394088794e+01,2.903000000000000114e+01
2.221451954022988673e+01,2.912797011494253141e+01
2.325370114942528588e+01,2.923914942528735494e+01
2.425228505747126562e+01,2.926399999999999935e+01
2.529653201970443277e+01,2.936718719211822659e+01
2.568657881773398799e+01,2.943259359605911385e+01
2.600400000000000134e+01,2.945100000000000051e+01
