3.045999999999999819e+00,3.407000000000000028e+00
3.601597701149425568e+00,3.868655172413792975e+00
4.239505747126436574e+00,4.331195402298850361e+00
5.090103448275861808e+00,4.712758620689655231e+00
5.781789272030651183e+00,5.031954022988506026e+00
6.783651340996168955e+00,6.099084291187740092e+00
7.336249042145594146e+00,8.317195402298850126e+00
7.394000000000000128e+00,1.060618965517241463e+01
7.428439655172413225e+00,1.265507758620689494e+01
7.726697318007662574e+00,1.573588888888889059e+01
8.079432950191570484e+00,1.753851724137931001e+01
8.365605363984673915e+00,1.896174329501915423e+01
8.722038793103449095e+00,2.108079741379310335e+01
9.569137931034482847e+00,2.267568965517241608e+01
1.036972413793103520e+01,2.399074712643677998e+01
1.103612643678160943e+01,2.486312643678160939e+01
1.217775862068965331e+01,2.580682758620689654e+01
1.410916379310344659e+01,2.673880172413793233e+01
1.640652490421456022e+01,2.750819923371647491e+01
1.840696551724137819e+01,2.819134865900382891e+01
2.022233716475095733e+01,2.862286590038314316e+01
2.158050862068965614e+01,2.877412068965517022e+01
2.336776724137930827e+01,2.904884051724138061e+01
2.463065900383141482e+01,2.927475095785440473e+01
2.610034865900383139e+01,2.955228352490421528e+01
2.717042145593869762e+01,2.963800000000000168e+01
2.802048275862068749e+01,2.963800000000000168e+01
2.844040229885057158e+01,2.968499999999999872e+01
2.871870114942528929e+01,2.973100000000000165e+01
2.885600000000000165e+01,2.973100000000000165e+01
