5.839999999999999636e-01,3.539000000000000146e+00
5.839999999999999636e-01,3.620000000000000107e+00
5.839999999999999636e-01,3.782000000000000028e+00
5.839999999999999636e-01,4.025999999999999801e+00
6.417635467980293829e-01,4.326763546798029658e+00
7.469999999999999973e-01,4.667086206896551737e+00
8.268029556650247081e-01,4.917802955665024456e+00
8.279999999999999583e-01,5.096960591133004925e+00
9.899999999999999911e-01,5.567999999999999616e+00
1.116712643678161143e+00,5.974000000000000199e+00
1.289862068965517583e+00,6.516862068965517452e+00
1.395999999999999908e+00,7.240980295566501468e+00
1.730177339901478151e+00,7.688177339901478113e+00
2.583885057471264179e+00,8.281448275862068442e+00
3.764763546798028937e+00,8.814999999999999503e+00
4.773078817733990675e+00,9.057999999999999829e+00
5.727327586206894416e+00,9.203775862068965807e+00
6.644467980295566178e+00,9.221000000000000085e+00
7.499960591133005394e+00,9.382999999999999119e+00
8.801862068965515817e+00,9.733137931034482548e+00
1.022482183908046238e+01,1.014984482758620743e+01
1.113599999999999923e+01,1.056747290640394255e+01
1.146100000000000030e+01,1.090903940886699530e+01
1.178599999999999959e+01,1.133219704433497554e+01
1.203691379310344800e+01,1.174491379310344819e+01
1.219200000000000017e+01,1.208594088669950750e+01
1.227299999999999969e+01,1.234609852216748749e+01
1.235399999999999920e+01,1.281993103448275662e+01
1.249884236453201858e+01,1.371452709359605748e+01
1.251600000000000001e+01,1.409099999999999930e+01
