9.090000000000000302e-01,9.419999999999999485e-01
8.279999999999999583e-01,1.022999999999999909e+00
9.090000000000000302e-01,1.202689655172413774e+00
9.090000000000000302e-01,1.484706896551724054e+00
1.029941379310344907e+00,1.792941379310344807e+00
1.082593103448275862e+00,2.019903448275861990e+00
1.208862068965517178e+00,2.377551724137930922e+00
1.314999999999999947e+00,2.754372413793103380e+00
1.394758620689654727e+00,3.050758620689654865e+00
1.558000000000000052e+00,3.425103448275862217e+00
1.656448275862068886e+00,3.961448275862069046e+00
1.869313793103448029e+00,4.404458620689655213e+00
2.079559386973179880e+00,4.790559386973180622e+00
2.293965517241379537e+00,5.002482758620689474e+00
2.995655172413792311e+00,5.217420689655171806e+00
3.721510344827586358e+00,5.325000000000000178e+00
4.633038314176243233e+00,5.484517241379309738e+00
5.676586206896550912e+00,5.777862068965517572e+00
6.632058620689655903e+00,6.082541379310344887e+00
7.580003831417622351e+00,6.525551724137930165e+00
8.604793103448276526e+00,7.176199233716475945e+00
9.189241379310345792e+00,7.598256704980843601e+00
9.566627586206895018e+00,7.841000000000000192e+00
1.007572413793103472e+01,8.134586206896551985e+00
1.052219310344827718e+01,8.618503448275863121e+00
1.117868275862068828e+01,9.222117241379310215e+00
1.173013793103448243e+01,9.708000000000000185e+00
1.231862068965516954e+01,1.009609195402298809e+01
1.271065517241379261e+01,1.035699999999999932e+01
1.284099999999999930e+01,1.051900000000000013e+01
