9.899999999999999911e-01,2.403000000000000025e+00
1.070999999999999952e+00,2.403000000000000025e+00
1.233999999999999986e+00,2.403000000000000025e+00
1.477000000000000091e+00,2.403000000000000025e+00
1.792379310344827559e+00,2.403000000000000025e+00
2.112547892720306297e+00,2.564999999999999947e+00
2.575904214559387118e+00,2.708068965517241189e+00
3.230181034482758395e+00,2.726999999999999869e+00
3.787706896551723545e+00,2.807999999999999829e+00
4.595206896551724540e+00,2.890000000000000124e+00
5.153896551724138853e+00,3.023448275862069323e+00
5.631586206896550983e+00,3.180793103448275705e+00
6.201060344827586945e+00,3.587530172413793572e+00
6.719482758620689999e+00,4.283551724137931060e+00
7.326183908045976523e+00,5.129011494252872616e+00
7.884816091954022887e+00,5.926517241379310796e+00
8.247517241379309638e+00,6.575517241379309930e+00
8.766340517241379970e+00,7.289409482758619774e+00
9.432000000000000384e+00,8.199206896551723744e+00
9.842007662835248638e+00,8.872103448275861837e+00
1.053479310344827624e+01,9.698689655172413993e+00
1.109856034482758602e+01,1.058420689655172531e+01
1.138000000000000078e+01,1.116900000000000048e+01
1.162299999999999933e+01,1.169386206896551705e+01
1.171927586206896521e+01,1.223827586206896534e+01
1.187662068965517292e+01,1.273998084291187638e+01
1.203458620689655234e+01,1.354534482758620584e+01
1.210999999999999943e+01,1.427173563218390662e+01
1.219665517241379327e+01,1.466365517241379379e+01
1.235399999999999920e+01,1.490300000000000047e+01
