3.424999999999999822e+00,4.350999999999999979e+00
3.424999999999999822e+00,4.432000000000000384e+00
3.505999999999999783e+00,4.579018808777429506e+00
3.563729885057471236e+00,4.732025862068965694e+00
3.634784482758620872e+00,4.918999999999999595e+00
3.867543103448275676e+00,5.317086206896551204e+00
4.108051724137930627e+00,5.682459770114942188e+00
4.340810344827585432e+00,6.159091954022988702e+00
4.574568965517241459e+00,6.554568965517240997e+00
4.645539184952977685e+00,6.788539184952977479e+00
4.804999999999999716e+00,7.108836206896552490e+00
5.107189655172413190e+00,7.331189655172413389e+00
5.573706896551724022e+00,7.716439655172413481e+00
6.215724137931034399e+00,8.140551724137930378e+00
6.636620689655171823e+00,8.454620689655172328e+00
7.022137931034483138e+00,8.804758620689655757e+00
7.777586206896550891e+00,9.246137931034482449e+00
8.338560344827586235e+00,9.485646551724137510e+00
8.886810344827587471e+00,9.638405172413794020e+00
9.515327586206895560e+00,9.871163793103447048e+00
1.007338244514106762e+01,1.003200000000000003e+01
1.069313793103448340e+01,1.026343103448275862e+01
1.131128735632183790e+01,1.035699999999999932e+01
1.176743678160919515e+01,1.048594827586206968e+01
1.220737643678161000e+01,1.060846264367816083e+01
1.266585344827586113e+01,1.076299999999999990e+01
1.313224425287356212e+01,1.086797413793103395e+01
1.360114733542319598e+01,1.092500000000000071e+01
1.398724137931034406e+01,1.100600000000000023e+01
1.414000000000000057e+01,1.100600000000000023e+01
