4.317999999999999616e+00,2.240000000000000213e+00
4.608623342175066639e+00,2.496246684350132750e+00
4.898397877984084658e+00,2.820397877984084811e+00
5.169901477832512526e+00,3.031450738916256160e+00
5.373000000000000220e+00,3.242529556650246114e+00
5.609694960212201487e+00,3.373302387267904656e+00
5.865472148541114095e+00,3.581970822281167255e+00
6.202188328912466631e+00,3.799294429708222509e+00
6.620435013262598645e+00,4.162217506631299635e+00
6.936840848806366644e+00,4.533840848806366175e+00
7.146431034482758626e+00,4.674999999999999822e+00
7.276509852216748619e+00,4.955509852216748001e+00
7.569588669950739757e+00,5.334177339901478021e+00
7.911766578249336490e+00,5.774896551724137517e+00
8.231188328912466545e+00,6.350564986737400552e+00
8.585623342175065176e+00,6.977435013262599739e+00
8.782000000000000028e+00,7.331870026525198369e+00
9.097822660098520586e+00,7.827177339901477460e+00
9.395490147783251089e+00,8.254980295566502591e+00
9.606568965517240599e+00,8.596293103448275019e+00
9.735159151193634841e+00,8.875159151193635410e+00
9.782100795755967582e+00,9.084100795755968960e+00
1.000000000000000000e+01,9.374405835543765164e+00
1.028202917771883307e+01,9.665029177718833964e+00
1.049065251989389935e+01,1.003935013262599441e+01
1.075458866995073848e+01,1.032847044334975273e+01
1.101509852216748797e+01,1.078354926108374379e+01
1.143650663129973388e+01,1.122550663129973358e+01
1.173937665782493411e+01,1.144680106100795847e+01
1.186700000000000088e+01,1.157499999999999929e+01
