1.070999999999999952e+00,1.185000000000000053e+00
1.327246684350132488e+00,1.359822281167108793e+00
1.838740053050397893e+00,1.603246684350132512e+00
2.247901477832512374e+00,1.752999999999999892e+00
2.589411330049260940e+00,1.944529556650246294e+00
2.853347480106100953e+00,2.074347480106100594e+00
3.148442970822280973e+00,2.120970822281166956e+00
3.686188328912466616e+00,2.411594164456233536e+00
4.240652519893898464e+00,2.675435013262599249e+00
5.132363395225464586e+00,3.012681697612732190e+00
6.122000000000000774e+00,3.501137931034483675e+00
7.016999999999999460e+00,3.937019704433497136e+00
7.745411330049261522e+00,4.278233990147783494e+00
8.369331564986737249e+00,4.645564986737400481e+00
8.799400530503978857e+00,5.017188328912467021e+00
9.153623342175066568e+00,5.290411140583554328e+00
9.490870026525199066e+00,5.737668435013261181e+00
9.909766009852216229e+00,6.366177339901477161e+00
1.020703940886699534e+01,6.757019704433497864e+00
1.049956896551724128e+01,7.135293103448275609e+00
1.068906100795756053e+01,7.555318302387268758e+00
1.094456498673740086e+01,8.080665782493369420e+00
1.113599999999999923e+01,8.635705570291776212e+00
1.121799999999999997e+01,8.972058355437665611e+00
1.122165251989389922e+01,9.228305039787798592e+00
1.135147044334975419e+01,9.516470443349753339e+00
1.148154926108374418e+01,9.911098522167486990e+00
1.161075331564986612e+01,1.033250663129973290e+01
1.165780106100795699e+01,1.063537665782493491e+01
1.170500000000000007e+01,1.084399999999999942e+01
