5.030000000000000027e-01,1.104000000000000092e+00
5.030000000000000027e-01,1.243344827586206902e+00
5.030000000000000027e-01,1.346999999999999975e+00
5.030000000000000027e-01,1.510000000000000009e+00
5.030000000000000027e-01,1.653379310344827324e+00
5.030000000000000027e-01,1.834000000000000075e+00
5.030000000000000027e-01,2.094137931034482758e+00
4.219999999999999862e-01,2.306413793103448295e+00
4.219999999999999862e-01,2.608758620689654695e+00
4.219999999999999862e-01,2.927986206896552090e+00
4.935034482758623997e-01,3.448503448275862748e+00
7.137931034482756232e-01,4.007379310344827417e+00
8.506241379310346407e-01,4.512999999999999901e+00
1.141196551724137809e+00,5.063403448275862750e+00
1.499655172413792759e+00,5.428655172413792585e+00
2.126999999999999780e+00,5.678532567049808577e+00
2.706731034482757536e+00,5.898865517241378420e+00
3.438127586206896069e+00,6.276375862068965361e+00
4.451237547892720414e+00,6.771413793103448597e+00
5.664599999999998303e+00,7.382489655172412846e+00
6.634013793103449075e+00,7.903006896551724836e+00
7.395942528735632848e+00,8.446241379310345465e+00
8.147586206896550109e+00,8.844172413793101484e+00
8.449931034482759173e+00,9.212931034482759074e+00
8.864000000000000767e+00,9.627000000000000668e+00
9.512999999999999901e+00,1.037562068965517170e+01
9.914965517241379089e+00,1.075493103448275889e+01
1.050375862068965382e+01,1.121787931034482710e+01
1.099665517241379220e+01,1.184065517241379162e+01
1.138000000000000078e+01,1.206199999999999939e+01
