5.839999999999999636e-01,3.052000000000000046e+00
6.660000000000000364e-01,3.294999999999999929e+00
6.660000000000000364e-01,3.469172413793103704e+00
8.447586206896552374e-01,3.717758620689655125e+00
9.090000000000000302e-01,3.944999999999999840e+00
9.899999999999999911e-01,4.134931034482758783e+00
1.153000000000000025e+00,4.465517241379310498e+00
1.395999999999999908e+00,5.000000000000000000e+00
1.477000000000000091e+00,5.288689655172413850e+00
1.608896551724138035e+00,5.537275862068965715e+00
1.857862068965517643e+00,6.004724137931034988e+00
2.574655172413792492e+00,6.970344827586205660e+00
3.249034482758620612e+00,7.502034482758620726e+00
4.211862068965517736e+00,7.751620689655172036e+00
5.124413793103447468e+00,8.081206896551723418e+00
6.361000000000001542e+00,8.330793103448275616e+00
7.500758620689653711e+00,8.579482758620688543e+00
8.242103448275862831e+00,8.828965517241378791e+00
8.840896551724139130e+00,9.140000000000000568e+00
9.644275862068964145e+00,9.489137931034482776e+00
1.019310344827586334e+01,9.819724137931034491e+00
1.052331034482758554e+01,1.003200000000000003e+01
1.113931034482758520e+01,1.052231034482758609e+01
1.175248275862068859e+01,1.100600000000000023e+01
1.202899999999999991e+01,1.130306896551724094e+01
1.239031034482758464e+01,1.175096551724137761e+01
1.321327586206896498e+01,1.243427586206896507e+01
1.364168965517241361e+01,1.287299999999999933e+01
1.389600000000000080e+01,1.319241379310344797e+01
1.422100000000000009e+01,1.344200000000000017e+01
