1.314999999999999947e+00,3.944999999999999840e+00
1.327010344827586064e+00,4.200010344827585840e+00
1.506200626959247613e+00,4.461200626959247906e+00
1.639999999999999902e+00,4.634119122257053469e+00
1.698401253918495390e+00,4.873523510971786266e+00
1.802000000000000046e+00,5.069319749216301574e+00
1.963999999999999968e+00,5.405238244514106505e+00
2.451000000000000068e+00,5.829520376175548968e+00
2.694999999999999840e+00,6.274877742946708636e+00
2.857000000000000206e+00,6.879442006269592902e+00
3.077351097178683492e+00,7.249639498432602025e+00
3.494827586206895820e+00,7.748758620689654819e+00
4.005680250783699492e+00,8.171840125391849341e+00
4.629034482758620506e+00,8.442517241379311699e+00
5.711636363636363178e+00,8.804081504702194749e+00
6.856404388714733678e+00,9.057999999999999829e+00
8.065758620689653213e+00,9.221000000000000085e+00
8.915727272727272279e+00,9.296159874608150631e+00
9.772827586206897621e+00,9.469586206896552838e+00
1.061500940438871332e+01,9.812360501567397364e+00
1.108927899686520391e+01,1.001998119122257158e+01
1.145668338557993771e+01,1.016656112852664684e+01
1.199395924764890253e+01,1.050147962382445144e+01
1.227376175548589288e+01,1.068200000000000038e+01
1.252768025078369973e+01,1.084399999999999942e+01
1.294459874608150507e+01,1.119159874608150496e+01
1.312614733542319811e+01,1.149426645768025068e+01
1.364603761755485678e+01,1.197403761755485618e+01
1.426582068965517180e+01,1.259382068965517121e+01
1.446400000000000041e+01,1.287299999999999933e+01
