3.669000000000000039e+00,4.594000000000000306e+00
4.030564263322884422e+00,4.874564263322883839e+00
4.317441379310344551e+00,5.284220689655172443e+00
4.622331034482758838e+00,5.607662068965517221e+00
4.885441379310345056e+00,5.812000000000000277e+00
5.147774294670846018e+00,6.072774294670845840e+00
5.455000000000000071e+00,6.290112852664576870e+00
5.833338557993730689e+00,6.515338557993730184e+00
6.095620689655172342e+00,6.777620689655171837e+00
6.439893103448276257e+00,6.866999999999999993e+00
6.833999999999999631e+00,6.948000000000000398e+00
7.131830721003134421e+00,6.948000000000000398e+00
7.628225705329153783e+00,6.948000000000000398e+00
8.489003448275862951e+00,6.866999999999999993e+00
9.330265517241379314e+00,6.866999999999999993e+00
9.857734482758621297e+00,6.866999999999999993e+00
1.023353793103448162e+01,6.948000000000000398e+00
1.033388714733542280e+01,7.118996865203762070e+00
1.051416927899686549e+01,7.300169278996865074e+00
1.069501253918495287e+01,7.607463949843259243e+00
1.096310689655172510e+01,7.911106896551724610e+00
1.113599999999999923e+01,8.166000000000000369e+00
1.127132288401253923e+01,8.489313479623824321e+00
1.146100000000000030e+01,8.940943573667711419e+00
1.146100000000000030e+01,9.365225705329153882e+00
1.154199999999999982e+01,9.628117241379310798e+00
1.162299999999999933e+01,1.005292413793103456e+01
1.170500000000000007e+01,1.052006206896551710e+01
1.170500000000000007e+01,1.088843573667711517e+01
1.178599999999999959e+01,1.108799999999999919e+01
