4.724000000000000199e+00,4.025999999999999801e+00
4.639445141065830391e+00,4.029554858934169204e+00
4.480999999999999872e+00,4.201267241379309958e+00
4.480999999999999872e+00,4.468056426332288389e+00
4.502583072100313721e+00,4.962166144200626405e+00
4.562000000000000277e+00,5.350137931034482541e+00
4.562000000000000277e+00,5.649000000000000021e+00
4.642999999999999794e+00,5.972222570532914609e+00
4.642999999999999794e+00,6.342166144200627187e+00
4.642999999999999794e+00,6.673189655172413914e+00
4.642999999999999794e+00,7.005639498432602252e+00
4.724000000000000199e+00,7.334194357366770944e+00
4.871103448275862391e+00,7.582103448275862689e+00
5.205667711598746195e+00,7.921999999999999709e+00
5.371222570532915519e+00,8.164200626959248197e+00
5.535999999999999588e+00,8.166000000000000369e+00
5.778999999999999915e+00,8.166000000000000369e+00
6.052793103448275147e+00,8.166000000000000369e+00
6.995222570532916073e+00,8.145949843260188672e+00
7.913360501567397343e+00,8.083999999999999631e+00
8.389655172413792883e+00,8.083999999999999631e+00
9.182667711598746507e+00,8.246999999999999886e+00
9.839288401253918792e+00,8.450388714733541917e+00
1.041488714733542231e+01,8.697943573667711092e+00
1.102986206896551735e+01,8.977000000000000313e+00
1.147725078369905916e+01,9.258833855799371904e+00
1.207394357366771054e+01,9.508943573667711036e+00
1.281446551724137706e+01,9.856732758620688983e+00
1.356033542319749152e+01,1.026889028213166100e+01
1.414000000000000057e+01,1.051900000000000013e+01
