3.911999999999999922e+00,1.915999999999999925e+00
4.111310344827586505e+00,1.915999999999999925e+00
4.301520689655172092e+00,1.915999999999999925e+00
4.500831034482758675e+00,1.915999999999999925e+00
4.724000000000000199e+00,1.915999999999999925e+00
5.055703448275862932e+00,1.997000000000000108e+00
5.494662068965516788e+00,1.997000000000000108e+00
5.931882758620689700e+00,1.997000000000000108e+00
6.312651724137930742e+00,1.997000000000000108e+00
6.812493103448275633e+00,1.997000000000000108e+00
7.524373040752351471e+00,2.010457680250783863e+00
8.138027586206895592e+00,2.283013793103448208e+00
8.939951724137932487e+00,3.045275862068966166e+00
9.138485893416927297e+00,3.489485893416928164e+00
9.188000000000000611e+00,3.763844827586206865e+00
9.188000000000000611e+00,4.269000000000000128e+00
9.188000000000000611e+00,4.693028213166143381e+00
9.025999999999999801e+00,5.326675862068965372e+00
9.025999999999999801e+00,5.887972413793104209e+00
9.025999999999999801e+00,6.353084639498431940e+00
9.047506896551723798e+00,6.726506896551724068e+00
9.188000000000000611e+00,7.145348275862069443e+00
9.356027586206897340e+00,7.521027586206896487e+00
9.512999999999999901e+00,7.923675862068965792e+00
9.675000000000000711e+00,8.324648275862069013e+00
9.699858620689655098e+00,8.596165517241379561e+00
9.919000000000000483e+00,8.957168965517242398e+00
1.017868275862069005e+01,9.399479310344826644e+00
1.036968965517241337e+01,9.590241379310345593e+00
1.056799999999999962e+01,9.951000000000000512e+00
