1.639999999999999902e+00,3.701000000000000068e+00
1.889517241379310208e+00,3.867258620689654869e+00
2.450534482758620847e+00,4.187767241379310335e+00
2.694999999999999840e+00,4.272063218390805162e+00
2.857000000000000206e+00,4.350999999999999979e+00
3.190379310344828134e+00,4.434793103448276597e+00
3.586594827586206957e+00,4.594000000000000306e+00
4.082681034482758875e+00,4.756000000000000227e+00
4.560126436781609449e+00,4.756000000000000227e+00
4.890683908045977191e+00,4.756000000000000227e+00
5.453821839080459810e+00,4.917836206896551765e+00
6.025094827586206847e+00,5.083094827586207565e+00
6.345603448275862313e+00,5.243999999999999773e+00
6.594724137931034846e+00,5.567999999999999616e+00
6.833999999999999631e+00,5.649000000000000021e+00
7.160629310344827303e+00,5.896258620689654784e+00
7.483999999999999986e+00,6.216114942528735199e+00
7.891396551724137787e+00,6.543396551724137922e+00
8.130905172413791959e+00,6.705000000000000071e+00
8.377000000000000668e+00,7.030163793103447745e+00
8.615344827586207899e+00,7.351672413793104433e+00
8.864000000000000767e+00,7.679931034482758712e+00
8.945000000000000284e+00,7.841000000000000192e+00
9.107698275862068371e+00,8.084706896551724142e+00
9.269000000000000128e+00,8.327999999999999403e+00
9.432000000000000384e+00,8.734465517241378762e+00
9.512999999999999901e+00,9.214910919540230338e+00
9.756235632183907214e+00,9.870465517241377995e+00
9.919000000000000483e+00,1.034722413793103257e+01
1.000000000000000000e+01,1.068200000000000038e+01
