2.694999999999999840e+00,1.997000000000000108e+00
2.694999999999999840e+00,2.081554858934169250e+00
2.782517241379310224e+00,2.409517241379310448e+00
2.947775862068965580e+00,2.665551724137931178e+00
3.045229885057471275e+00,3.091103448275861698e+00
3.360293103448275698e+00,3.652586206896551779e+00
3.601965517241379366e+00,4.149068965517241914e+00
3.767520376175548691e+00,4.548040752351097282e+00
3.911999999999999922e+00,4.940075235109717688e+00
4.124260188087774281e+00,5.430630094043887190e+00
4.509184952978056771e+00,6.139902821316614911e+00
4.868871473354231760e+00,6.912959247648902128e+00
5.363025078369906495e+00,7.703319749216301915e+00
5.769224137931034946e+00,8.434836206896552113e+00
6.421962643678160276e+00,9.334353448275860998e+00
7.000258620689655764e+00,1.011677873563218455e+01
7.620163793103447603e+00,1.081816379310344800e+01
8.097705329153603415e+00,1.134141065830720940e+01
8.588260188087774694e+00,1.170526018808777557e+01
9.050630094043885521e+00,1.216763009404388640e+01
9.463739811912226685e+00,1.258073981191222757e+01
9.936514106583071992e+00,1.285192476489028124e+01
1.030747962382445060e+01,1.301847962382445090e+01
1.063503448275861984e+01,1.326503448275862063e+01
1.095770689655172525e+01,1.342550574712643652e+01
1.127277011494252790e+01,1.352299999999999969e+01
1.192844827586206868e+01,1.367522413793103553e+01
1.265936781609195272e+01,1.384048275862068955e+01
1.324344514106583048e+01,1.408744514106582990e+01
1.357099999999999973e+01,1.417200000000000060e+01
