2.370000000000000107e+00,2.807999999999999829e+00
2.487310344827586395e+00,3.007310344827586412e+00
2.921241379310344666e+00,3.286620689655172178e+00
3.290931034482758477e+00,3.539000000000000146e+00
3.571034482758620676e+00,3.684241379310345010e+00
3.830999999999999961e+00,3.701000000000000068e+00
4.161586206896552120e+00,3.838551724137930776e+00
4.838655172413792727e+00,4.037172413793102876e+00
5.549965517241378876e+00,4.317068965517241175e+00
6.112379310344827843e+00,4.596793103448276518e+00
6.549103448275862327e+00,4.877103448275861730e+00
6.991413793103448349e+00,5.156413793103448384e+00
7.576172413793104354e+00,5.548448275862069679e+00
8.200034482758621124e+00,6.027068965517241139e+00
8.849310344827586050e+00,6.586965517241378798e+00
9.387034482758620513e+00,7.065310344827587130e+00
9.770137931034481582e+00,7.462931034482757298e+00
1.005027586206896473e+01,7.860551724137930130e+00
1.040600000000000058e+01,8.339172413793102479e+00
1.077289655172413774e+01,9.018896551724138178e+00
1.097120689655172576e+01,9.218206896551725649e+00
1.113599999999999923e+01,9.627000000000000668e+00
1.129899999999999949e+01,1.009151724137931083e+01
1.146100000000000030e+01,1.046313793103448297e+01
1.154199999999999982e+01,1.074344827586206996e+01
1.154199999999999982e+01,1.086075862068965492e+01
1.162299999999999933e+01,1.127513793103448236e+01
1.178599999999999959e+01,1.166437931034482745e+01
1.186700000000000088e+01,1.207037931034482803e+01
1.194800000000000040e+01,1.246799999999999997e+01
