3.019000000000000128e+00,3.863999999999999879e+00
3.111918495297805620e+00,4.025999999999999801e+00
3.343999999999999861e+00,4.187999999999999723e+00
3.450391849529780508e+00,4.294705329153605255e+00
3.741620689655172249e+00,4.504620689655173038e+00
3.952357366771160230e+00,4.796357366771160535e+00
4.287783699059560583e+00,5.131783699059560888e+00
4.461463949843260224e+00,5.305702194357366785e+00
4.627257053291535804e+00,5.390257053291535705e+00
4.881175548589341773e+00,5.487000000000000099e+00
5.227827586206897692e+00,5.736586206896552298e+00
5.645946708463949193e+00,6.064648902821316412e+00
6.124567398119122430e+00,6.319567398119122714e+00
6.457862068965517288e+00,6.461000000000000298e+00
6.788040752351096607e+00,6.577040752351097197e+00
7.169918495297806338e+00,6.705000000000000071e+00
7.721413793103446999e+00,6.838137931034482087e+00
8.193432601880877186e+00,6.927432601880878060e+00
8.753053291536049940e+00,7.100351097178683624e+00
9.652655172413792783e+00,7.423827586206895646e+00
1.033464890282131776e+01,7.683824451410659506e+00
1.076248589341692785e+01,7.921999999999999709e+00
1.109383385579937276e+01,8.103536050156739279e+00
1.135943260188087756e+01,8.358216300940439325e+00
1.162477742946708581e+01,8.531134796238244888e+00
1.199268965517241448e+01,8.733999999999999986e+00
1.232860815047021852e+01,8.951608150470219627e+00
1.295957993730407409e+01,9.435053291536048548e+00
1.339808150470219417e+01,9.708000000000000185e+00
1.365300000000000047e+01,9.869999999999999218e+00
