4.480999999999999872e+00,1.300000000000000044e-01
4.480999999999999872e+00,3.171379310344827340e-01
4.562000000000000277e+00,6.571508620689654467e-01
4.642999999999999794e+00,9.260948275862068702e-01
4.814426724137931046e+00,1.266000000000000014e+00
5.164564655172413588e+00,1.706564655172413847e+00
5.585577586206896150e+00,2.127577586206896409e+00
5.772715517241379324e+00,2.483999999999999986e+00
6.222706896551724043e+00,2.989853448275861858e+00
6.509999999999999787e+00,3.416103448275862320e+00
6.893732758620689793e+00,4.041012931034483557e+00
7.078000000000000291e+00,4.925284482758620186e+00
7.078000000000000291e+00,5.543560344827586306e+00
7.034706896551724320e+00,6.098293103448275687e+00
6.765568965517241296e+00,6.679706896551723894e+00
6.591000000000000192e+00,7.310706896551724121e+00
6.509999999999999787e+00,8.078879310344825981e+00
6.509999999999999787e+00,8.542719827586207515e+00
6.587857758620690340e+00,9.136818965517242930e+00
6.774995689655171738e+00,9.485995689655172924e+00
6.996999999999999886e+00,9.668896551724138533e+00
7.240000000000000213e+00,9.851146551724138334e+00
7.483999999999999986e+00,9.957284482758620214e+00
7.677422413793103750e+00,1.011400000000000077e+01
7.936435344827586391e+00,1.016043534482758659e+01
8.367456896551724199e+00,1.034757327586206799e+01
9.041711206896550834e+00,1.053490517241379365e+01
9.593999999999999417e+00,1.076299999999999990e+01
1.019341379310344742e+01,1.092500000000000071e+01
1.040600000000000058e+01,1.100600000000000023e+01
