3.343999999999999861e+00,3.729999999999999982e-01
3.531448275862068886e+00,3.729999999999999982e-01
3.750000000000000000e+00,4.951508620689655249e-01
3.911999999999999922e+00,6.822887931034482545e-01
4.084426724137930620e+00,8.599999999999999867e-01
4.306129310344827488e+00,9.419999999999999485e-01
4.661155172413793402e+00,1.153577586206896655e+00
5.123715517241379303e+00,1.429000000000000048e+00
5.654706896551723538e+00,1.853086206896551680e+00
6.263206896551724689e+00,2.237206896551724444e+00
6.709008620689655977e+00,2.564999999999999947e+00
7.081142241379310143e+00,2.974142241379310381e+00
7.702560344827586114e+00,3.920560344827586530e+00
8.095293103448275573e+00,4.680586206896552248e+00
8.607431034482758037e+00,5.786706896551724100e+00
8.970137931034482648e+00,6.592431034482759244e+00
9.307172413793104226e+00,7.472706896551723155e+00
9.484719827586207685e+00,8.137370689655172740e+00
9.915857758620690632e+00,9.208392241379311116e+00
1.026599568965517228e+01,9.810995689655172214e+00
1.048979310344827631e+01,1.015589655172413863e+01
1.071191379310344871e+01,1.050014655172413924e+01
1.098028448275861990e+01,1.092500000000000071e+01
1.136184482758620717e+01,1.131284482758620769e+01
1.170500000000000007e+01,1.157499999999999929e+01
1.218245689655172370e+01,1.173700000000000010e+01
1.285671120689655211e+01,1.207771120689655220e+01
1.365320258620689486e+01,1.234584913793103311e+01
1.446958620689655106e+01,1.254899999999999949e+01
1.478899999999999970e+01,1.263000000000000078e+01
