3.505999999999999783e+00,8.599999999999999867e-01
3.669000000000000039e+00,1.422940886699507468e+00
3.981881773399015056e+00,1.752999999999999892e+00
4.300044334975368976e+00,2.141044334975369168e+00
4.562000000000000277e+00,2.460059113300492317e+00
4.775073891625615907e+00,2.778073891625615577e+00
5.256088669950738534e+00,3.385733990147783423e+00
5.656103448275862533e+00,4.065103448275862341e+00
6.104000000000000092e+00,4.741645320197043212e+00
6.509999999999999787e+00,5.541266009852217067e+00
6.916000000000000369e+00,6.849443349753694399e+00
7.174162561576354236e+00,8.211487684729064540e+00
7.421354679802955268e+00,9.076467980295566562e+00
7.730192118226601572e+00,9.876384236453201737e+00
8.049206896551723389e+00,1.051341379310344770e+01
8.214000000000000412e+00,1.093062068965517319e+01
8.535807881773397554e+00,1.165280788177339844e+01
8.935822660098521553e+00,1.244953201970443324e+01
9.253837438423646589e+00,1.285783743842364579e+01
9.572852216748767518e+00,1.317685221674876850e+01
9.945733990147784809e+00,1.357686699507389250e+01
1.021047290640394145e+01,1.381388177339901446e+01
1.048700000000000010e+01,1.397089655172413813e+01
1.084791133004926067e+01,1.417200000000000060e+01
1.124792610837438467e+01,1.433399999999999963e+01
1.175288177339901452e+01,1.449699999999999989e+01
1.232686699507389072e+01,1.467695566502463045e+01
1.301497044334975328e+01,1.474000000000000021e+01
1.374597044334975315e+01,1.482099999999999973e+01
1.422100000000000009e+01,1.490300000000000047e+01
