1.600000000000000033e-02,2.645999999999999908e+00
1.789999999999999925e-01,2.965014778325123057e+00
3.410000000000000253e-01,3.294999999999999929e+00
5.030000000000000027e-01,3.671472906403940861e+00
5.839999999999999636e-01,3.897916256157635484e+00
6.939310344827587240e-01,4.378931034482758555e+00
9.090000000000000302e-01,4.918999999999999595e+00
9.899999999999999911e-01,5.252778325123152570e+00
1.369665024630541073e+00,6.028665024630541325e+00
2.088458128078817921e+00,6.766847290640393808e+00
2.841637931034483699e+00,7.321879310344828085e+00
3.989083743842364083e+00,7.879305418719211751e+00
5.032640394088669922e+00,8.166000000000000369e+00
6.569054187192118199e+00,8.423763546798030077e+00
7.591334975369457894e+00,8.823778325123152300e+00
8.286221674876847132e+00,9.049221674876847032e+00
9.062709359605909398e+00,9.434472906403939874e+00
9.837999999999999190e+00,9.918679802955665537e+00
1.024399999999999977e+01,1.015669458128078873e+01
1.056799999999999962e+01,1.051900000000000013e+01
1.107415270935960727e+01,1.100600000000000023e+01
1.147416748768472949e+01,1.134416748768472871e+01
1.210561083743842303e+01,1.181361083743842322e+01
1.258662561576354655e+01,1.229462561576354673e+01
1.284099999999999930e+01,1.263000000000000078e+01
1.313166502463054108e+01,1.304916748768472878e+01
1.340900000000000070e+01,1.347152709359605893e+01
1.365300000000000047e+01,1.378954187192118042e+01
1.390198522167487738e+01,1.418397044334975377e+01
1.438299999999999912e+01,1.465900000000000070e+01
