5.839999999999999636e-01,4.269000000000000128e+00
9.899999999999999911e-01,4.436887931034482868e+00
1.287068965517241370e+00,4.530689655172413843e+00
1.714366379310344524e+00,4.674999999999999822e+00
2.359758620689655473e+00,4.710379310344827708e+00
2.946379310344827918e+00,4.756000000000000227e+00
3.605767241379310040e+00,4.806189655172413921e+00
4.213413793103447880e+00,4.918999999999999595e+00
4.862956896551724029e+00,5.301814655172413460e+00
5.522650862068965161e+00,5.798650862068965850e+00
6.181896551724138433e+00,6.618344827586208012e+00
6.521793103448275453e+00,7.296586206896551019e+00
6.591000000000000192e+00,7.778155172413793395e+00
6.701482758620689317e+00,8.143329501915708590e+00
7.035056034482758847e+00,9.053581896551724739e+00
7.282943965517241658e+00,9.588474137931035202e+00
7.535517241379309894e+00,9.921517241379309127e+00
7.727000000000000313e+00,1.025784482758620619e+01
7.959206896551724419e+00,1.065826819923371716e+01
8.215551724137931444e+00,1.084555172413793045e+01
8.458000000000000185e+00,1.125000000000000000e+01
8.712521551724139002e+00,1.159804310344827627e+01
9.025999999999999801e+00,1.192287739463601426e+01
9.219422413793104454e+00,1.217442241379310452e+01
9.468310344827585823e+00,1.250431034482758541e+01
1.001024137931034375e+01,1.304624137931034511e+01
1.035642241379310313e+01,1.325421120689655119e+01
1.055031034482758479e+01,1.344200000000000017e+01
1.073099999999999987e+01,1.360399999999999920e+01
1.089300000000000068e+01,1.376600000000000001e+01
