4.724000000000000199e+00,2.240000000000000213e+00
4.728887931034482683e+00,2.330836206896552021e+00
4.804999999999999716e+00,2.663689655172413850e+00
4.724000000000000199e+00,2.833094827586206677e+00
4.724000000000000199e+00,3.087379310344827488e+00
4.642999999999999794e+00,3.384931034482758783e+00
4.642999999999999794e+00,3.881767241379310285e+00
4.642999999999999794e+00,4.465827586206896349e+00
4.642999999999999794e+00,5.138956896551723830e+00
4.642999999999999794e+00,5.561366379310344499e+00
4.722448275862069167e+00,6.131344827586207913e+00
4.816793103448275382e+00,6.971586206896551730e+00
5.166310344827586221e+00,7.534155172413793622e+00
5.646482758620689602e+00,8.172812260536398199e+00
6.137168103448274792e+00,8.891112068965517423e+00
6.757887931034482598e+00,9.550418103448276241e+00
7.638551724137929710e+00,1.021703448275862058e+01
8.195844827586206804e+00,1.060100000000000087e+01
8.689206896551723958e+00,1.090141379310344938e+01
8.946551724137931316e+00,1.108799999999999919e+01
9.370900862068969772e+00,1.125663362068965689e+01
1.008099999999999952e+01,1.157499999999999929e+01
1.059158620689655095e+01,1.173700000000000010e+01
1.100542241379310404e+01,1.198099999999999987e+01
1.141631034482758622e+01,1.209831034482758660e+01
1.183162068965517300e+01,1.226962068965517183e+01
1.246642241379310256e+01,1.244290517241379312e+01
1.359971264367815991e+01,1.271100000000000030e+01
1.469327586206896541e+01,1.303111206896551622e+01
1.495100000000000051e+01,1.311700000000000088e+01
