4.804999999999999716e+00,2.109999999999999931e-01
4.804999999999999716e+00,2.919999999999999818e-01
4.886000000000000121e+00,4.550000000000000155e-01
4.967999999999999972e+00,6.044310344827585890e-01
5.169941379310344587e+00,8.189413793103448302e-01
5.455000000000000071e+00,1.034451724137930961e+00
5.728724137931034299e+00,1.266000000000000014e+00
6.022999999999999687e+00,1.537372413793103298e+00
6.266000000000000014e+00,1.832758620689654894e+00
6.720103448275861702e+00,2.240000000000000213e+00
7.354099616858237098e+00,2.841099616858237642e+00
8.186627586206896012e+00,3.673627586206896112e+00
8.701000000000000512e+00,4.303559386973180523e+00
9.276478927203065439e+00,4.926448275862068904e+00
1.010948965517241405e+01,5.921489655172413435e+00
1.064708965517241346e+01,6.621089655172413657e+00
1.121300383141762325e+01,7.268003831417622962e+00
1.158886206896551663e+01,7.772724137931034782e+00
1.196168620689655171e+01,8.355372413793103803e+00
1.233755172413792955e+01,8.863103448275861496e+00
1.274479310344827709e+01,9.530199233716476925e+00
1.300424137931034529e+01,1.011524137931034595e+01
1.330062758620689500e+01,1.046425517241379310e+01
1.351513793103448258e+01,1.075741379310344925e+01
1.372254827586206893e+01,1.115754827586206943e+01
1.409956551724137874e+01,1.181911724137930975e+01
1.447656896551724159e+01,1.257413793103448185e+01
1.454499999999999993e+01,1.301831034482758476e+01
1.498265517241379285e+01,1.331065517241379226e+01
1.511400000000000077e+01,1.352299999999999969e+01
