1.070999999999999952e+00,3.701000000000000068e+00
1.358293103448275696e+00,3.950586206896551378e+00
1.569241379310344797e+00,4.118172413793103281e+00
1.807187192118226537e+00,4.355719211822660419e+00
2.208000000000000185e+00,4.518386699507389359e+00
2.337679802955665131e+00,4.691359605911330277e+00
2.543108374384236647e+00,4.929972906403940591e+00
2.662480295566502342e+00,5.178559113300492456e+00
2.948773399014778196e+00,5.508546798029556157e+00
3.073733990147783146e+00,5.730999999999999872e+00
3.360359605911329872e+00,6.006719211822660220e+00
3.560532019704433448e+00,6.352866995073891410e+00
3.847160098522167448e+00,6.737320197044335046e+00
4.112906403940886690e+00,7.208093596059113040e+00
4.502746305418718897e+00,7.825238916256156863e+00
4.702253694581281174e+00,8.284507389162561353e+00
5.092093596059113381e+00,8.879640394088669453e+00
5.487320197044334158e+00,9.480359605911329979e+00
5.996266009852217138e+00,1.003273399014778455e+01
6.314280788177339510e+00,1.040528078817733970e+01
6.617933497536945708e+00,1.070893349753694679e+01
6.894320197044335963e+00,1.091422660098522179e+01
7.143039408866994400e+00,1.112051970443349624e+01
7.543054187192118398e+00,1.132002709359605852e+01
8.181679802955665437e+00,1.160732019704433426e+01
8.847773399014778661e+00,1.188822660098522022e+01
9.383187192118226605e+00,1.205681280788177290e+01
9.977586206896550181e+00,1.221841379310344777e+01
1.031941379310344864e+01,1.238599999999999923e+01
1.048700000000000010e+01,1.246799999999999997e+01
