3.750000000000000000e+00,4.025999999999999801e+00
3.817344827586206968e+00,4.187999999999999723e+00
3.911999999999999922e+00,4.494689655172414255e+00
3.994000000000000217e+00,4.643034482758620740e+00
4.110379310344827175e+00,4.838000000000000078e+00
4.258724137931034548e+00,5.102724137931034853e+00
4.480999999999999872e+00,5.423068965517241047e+00
4.484413793103447787e+00,5.649000000000000021e+00
4.642999999999999794e+00,5.812000000000000277e+00
4.804999999999999716e+00,6.119241379310344620e+00
5.049000000000000377e+00,6.432448275862069131e+00
5.087793103448276177e+00,6.743793103448275872e+00
5.398448275862069323e+00,7.079586206896552270e+00
5.637482758620690149e+00,7.516000000000000014e+00
5.866911877394636043e+00,7.685827586206896989e+00
6.016172413793102969e+00,7.834172413793103473e+00
6.387781609195401167e+00,8.124781609195402154e+00
6.783724137931034015e+00,8.383862068965516556e+00
7.363727969348659030e+00,8.733999999999999986e+00
7.975655172413791405e+00,8.843551724137929781e+00
8.474758620689655686e+00,8.993758620689655814e+00
9.117241379310344840e+00,9.140000000000000568e+00
9.590586206896551502e+00,9.301999999999999602e+00
1.014493103448275946e+01,9.544999999999999929e+00
1.066555938697318062e+01,9.767275862068965253e+00
1.134462068965517290e+01,1.003200000000000003e+01
1.197996551724137859e+01,1.022696551724137848e+01
1.271562068965517156e+01,1.039362068965517061e+01
1.312513409961685618e+01,1.061465517241379430e+01
1.373399999999999999e+01,1.084399999999999942e+01
