1.802000000000000046e+00,2.240000000000000213e+00
1.802000000000000046e+00,2.321000000000000174e+00
1.883000000000000007e+00,2.403000000000000025e+00
1.982028213166144193e+00,2.502028213166143988e+00
2.208000000000000185e+00,2.748583072100313274e+00
2.501586206896551978e+00,3.102275862068965662e+00
2.812056426332288250e+00,3.413056426332288229e+00
3.017711598746081414e+00,3.659611285266457514e+00
3.225166144200626750e+00,3.907166144200626690e+00
3.574344827586207085e+00,4.287767241379309979e+00
3.946990595611286068e+00,4.628278996865204498e+00
4.278388714733541320e+00,5.122388714733541626e+00
4.547103448275862547e+00,5.472103448275862370e+00
4.880667711598746017e+00,5.887667711598745690e+00
5.371222570532915519e+00,6.457445141065830896e+00
5.863576802507837193e+00,6.951554858934169800e+00
6.282062695924763851e+00,7.364664576802507412e+00
6.767896551724137844e+00,7.693896551724138000e+00
6.955611285266458665e+00,7.961611285266458005e+00
7.368009404388713435e+00,8.432360501567398359e+00
7.758422413793104155e+00,8.765422413793103829e+00
7.971000000000000085e+00,8.896000000000000796e+00
8.214000000000000412e+00,9.099899686520375397e+00
8.547887147335423208e+00,9.265943573667710709e+00
8.864000000000000767e+00,9.519862068965517565e+00
9.166416927899685874e+00,9.686416927899687224e+00
9.575971786833855859e+00,9.932971786833855177e+00
1.021730172413792914e+01,1.034373275862068908e+01
1.064544514106582973e+01,1.059384639498432712e+01
1.097400000000000020e+01,1.068200000000000038e+01
