1.558000000000000052e+00,2.890000000000000124e+00
1.698344827586206973e+00,2.948344827586207195e+00
1.972379310344827497e+00,3.052000000000000046e+00
2.208000000000000185e+00,3.133000000000000007e+00
2.450441379310345003e+00,3.133000000000000007e+00
2.909448275862069444e+00,3.213999999999999968e+00
3.388068965517241349e+00,3.339613026819923114e+00
3.771413793103448153e+00,3.376999999999999780e+00
4.179275862068964287e+00,3.458000000000000185e+00
4.775206896551724256e+00,3.458000000000000185e+00
5.630406896551724216e+00,3.748203448275862382e+00
6.355747126436781080e+00,4.085586206896550721e+00
6.848363984674329608e+00,4.439137931034482953e+00
7.307034482758620442e+00,4.742034482758620939e+00
8.045482758620687846e+00,5.318122605363983624e+00
8.538999999999999702e+00,5.760172413793103630e+00
8.986896551724136373e+00,6.368999999999997996e+00
9.505862068965516443e+00,7.258636015325669710e+00
9.726206896551724768e+00,7.730206896551724327e+00
9.871796551724136393e+00,8.083999999999999631e+00
1.008099999999999952e+01,8.423896551724139314e+00
1.023614559386973255e+01,8.726241379310344826e+00
1.046558620689655150e+01,9.199586206896551488e+00
1.060493103448275853e+01,9.582386973180076595e+00
1.073099999999999987e+01,9.951000000000000512e+00
1.089300000000000068e+01,1.027655862068965398e+01
1.089300000000000068e+01,1.063765900383141805e+01
1.105499999999999972e+01,1.096131034482758615e+01
1.105499999999999972e+01,1.119165517241379249e+01
1.121799999999999997e+01,1.133099999999999952e+01
