1.883000000000000007e+00,4.350999999999999979e+00
2.044999999999999929e+00,4.350999999999999979e+00
2.208000000000000185e+00,4.432000000000000384e+00
2.356034482758620818e+00,4.499034482758620612e+00
2.592793103448275627e+00,4.654051724137930890e+00
2.911814655172414223e+00,4.811491379310345096e+00
3.388068965517241349e+00,5.081000000000000405e+00
3.870413793103447908e+00,5.364413793103448569e+00
4.352758620689654911e+00,5.567999999999999616e+00
4.865578544061302857e+00,5.761103448275862071e+00
5.774659003831418502e+00,5.999448275862069302e+00
7.263222222222220914e+00,6.502586206896551424e+00
8.652275862068965040e+00,7.045137931034482826e+00
9.605482758620690120e+00,7.365482758620689907e+00
1.025765517241379321e+01,7.603911877394636143e+00
1.103451724137931045e+01,8.070344827586206193e+00
1.153051724137930911e+01,8.478517241379309510e+00
1.193186206896551838e+01,9.025724137931034008e+00
1.225220689655172457e+01,9.666157088122606211e+00
1.243500000000000050e+01,1.036165517241379241e+01
1.259699999999999953e+01,1.084399999999999942e+01
1.280624137931034490e+01,1.121524137931034559e+01
1.296358620689655083e+01,1.169758620689655082e+01
1.303993103448275903e+01,1.214300000000000068e+01
1.308399999999999963e+01,1.268237068965517267e+01
1.308399999999999963e+01,1.321894827586206844e+01
1.308399999999999963e+01,1.371293103448275907e+01
1.308399999999999963e+01,1.410962068965516991e+01
1.316600000000000037e+01,1.450165517241379298e+01
1.316600000000000037e+01,1.474000000000000021e+01
