1.802000000000000046e+00,2.109999999999999931e-01
1.950344827586206975e+00,2.109999999999999931e-01
2.126999999999999780e+00,3.366896551724137820e-01
2.625486590038314194e+00,5.670344827586206726e-01
3.622758620689654929e+00,9.767586206896550216e-01
4.470383141762452439e+00,1.346999999999999975e+00
4.948835249042145890e+00,1.671999999999999931e+00
5.356839080459770308e+00,2.093827586206896463e+00
6.343593869731800616e+00,3.262111111111110517e+00
6.846252873563217989e+00,4.549310344827586228e+00
6.995448275862069742e+00,5.401325670498085429e+00
7.134793103448275886e+00,6.388379310344826756e+00
7.326808429118774058e+00,7.445551724137931870e+00
7.645999999999999908e+00,8.543396551724137922e+00
7.903655172413792229e+00,9.491394636015325403e+00
8.363260536398469114e+00,1.073560536398467491e+01
8.674465517241378265e+00,1.181939655172413595e+01
8.820329501915708192e+00,1.242432950191570740e+01
9.074413793103449422e+00,1.284071264367816134e+01
9.352551724137931899e+00,1.319955172413793143e+01
9.581896551724138789e+00,1.351089655172413906e+01
9.919000000000000483e+00,1.390292337164751046e+01
1.035758620689655096e+01,1.420458620689655227e+01
1.066816475095785322e+01,1.433399999999999963e+01
1.114661685823754844e+01,1.450227586206896646e+01
1.176862068965517238e+01,1.474000000000000021e+01
1.248496551724137937e+01,1.503396551724137886e+01
1.271531034482758571e+01,1.506499999999999950e+01
1.285465517241379274e+01,1.506499999999999950e+01
1.308399999999999963e+01,1.514600000000000080e+01
