1.789999999999999925e-01,2.919999999999999818e-01
5.030000000000000027e-01,3.729999999999999982e-01
9.086896551724137350e-01,4.550000000000000155e-01
1.319034482758620674e+00,6.169999999999999929e-01
1.639371647509578311e+00,6.169999999999999929e-01
1.967724137931034623e+00,6.169999999999999929e-01
2.449137931034482740e+00,6.169999999999999929e-01
3.269827586206896175e+00,6.169999999999999929e-01
3.909517241379309560e+00,6.169999999999999929e-01
4.562000000000000277e+00,6.979999999999999538e-01
5.045877394636016255e+00,1.021448275862069321e+00
5.541586206896551126e+00,1.518379310344826871e+00
5.940114942528736286e+00,2.076137931034482520e+00
6.108965517241379040e+00,2.488965517241379377e+00
6.591000000000000192e+00,3.453628352490421438e+00
7.001344827586207131e+00,4.273371647509579319e+00
7.479003831417623260e+00,5.157034482758620086e+00
7.809885057471263714e+00,5.898586206896551332e+00
8.049206896551723389e+00,6.536413793103448278e+00
8.538999999999999702e+00,7.355551724137930236e+00
8.860858237547894589e+00,7.915793103448277357e+00
9.109482758620689680e+00,8.492498084291188576e+00
9.347544061302683005e+00,8.977000000000000313e+00
9.593999999999999417e+00,9.384862068965516002e+00
9.756000000000000227e+00,9.785275862068965935e+00
1.000062068965517170e+01,1.027724137931034321e+01
1.032096551724137790e+01,1.083593103448275841e+01
1.056799999999999962e+01,1.125000000000000000e+01
1.064899999999999913e+01,1.141200000000000081e+01
1.081199999999999939e+01,1.173700000000000010e+01
