1.789999999999999925e-01,4.838000000000000078e+00
3.766896551724138176e-01,4.896344827586206705e+00
9.090000000000000302e-01,5.125689655172413595e+00
1.337034482758620468e+00,5.347034482758620477e+00
1.719875862068965366e+00,5.567441379310344551e+00
2.179272030651341563e+00,5.797724137931035138e+00
2.702137931034482410e+00,6.099068965517241203e+00
3.327241379310344360e+00,6.401413793103448491e+00
4.106034482758619930e+00,6.720517241379310391e+00
4.938022988505747612e+00,7.080206896551724860e+00
5.502203448275862385e+00,7.272999999999999687e+00
6.142172413793102415e+00,7.656954022988505137e+00
7.011275862068965914e+00,8.098363984674328719e+00
7.847931034482757973e+00,8.772931034482757795e+00
8.265827586206896171e+00,9.191827586206896328e+00
8.516344827586207700e+00,9.522704980842913614e+00
8.796137931034483159e+00,9.883965517241378507e+00
9.025999999999999801e+00,1.010677394636015336e+01
9.239206896551724668e+00,1.024620689655172434e+01
9.512999999999999901e+00,1.051900000000000013e+01
9.623793103448276653e+00,1.071179310344827762e+01
9.837999999999999190e+00,1.099824137931034507e+01
1.005958620689655092e+01,1.130958620689655092e+01
1.016200000000000081e+01,1.156786206896551761e+01
1.042027586206896572e+01,1.191345210727969217e+01
1.056799999999999962e+01,1.214300000000000068e+01
1.070869348659003784e+01,1.242365900383141764e+01
1.089300000000000068e+01,1.274731034482758574e+01
1.105499999999999972e+01,1.297765517241379207e+01
1.113599999999999923e+01,1.327899999999999991e+01
