4.399000000000000021e+00,2.971000000000000085e+00
4.597262931034483024e+00,2.971000000000000085e+00
4.784400862068965310e+00,3.052000000000000046e+00
5.306663793103448157e+00,3.228663793103448310e+00
5.940094827586206883e+00,3.539000000000000146e+00
6.654193965517241516e+00,3.695064655172414003e+00
7.522405172413793473e+00,3.944999999999999840e+00
8.268465517241379459e+00,4.161465517241379253e+00
8.699603448275862405e+00,4.430603448275862277e+00
9.025999999999999801e+00,4.952866379310345124e+00
9.269000000000000128e+00,5.621866995073892426e+00
9.351000000000000867e+00,7.001232758620688834e+00
9.301870689655173052e+00,7.905590517241379622e+00
8.952331896551724455e+00,8.719245689655172882e+00
8.619999999999999218e+00,9.520206896551723474e+00
8.458000000000000185e+00,1.027320689655172536e+01
8.214000000000000412e+00,1.125733189655172417e+01
8.132999999999999119e+00,1.233746982758620625e+01
8.132999999999999119e+00,1.276546551724137935e+01
8.294999999999999929e+00,1.304956650246305294e+01
8.505133620689655061e+00,1.332613362068965479e+01
8.783413793103449052e+00,1.376739655172413812e+01
9.133534482758619788e+00,1.417200000000000060e+01
9.493797413793103601e+00,1.439656034482758606e+01
9.843935344827585254e+00,1.457799999999999940e+01
1.024490517241379273e+01,1.474000000000000021e+01
1.079733620689655105e+01,1.482099999999999973e+01
1.150219827586206733e+01,1.490300000000000047e+01
1.199373706896551717e+01,1.490300000000000047e+01
1.227299999999999969e+01,1.490300000000000047e+01
