3.505999999999999783e+00,3.213999999999999968e+00
3.613645768025078642e+00,3.320962382445141081e+00
3.669000000000000039e+00,3.428291536050156907e+00
3.750000000000000000e+00,3.539000000000000146e+00
3.852583072100313366e+00,4.231432601880877442e+00
4.037851724137931697e+00,4.844244827586207336e+00
4.147062068965516879e+00,5.316062068965517362e+00
4.237000000000000099e+00,5.671482758620689957e+00
4.317999999999999616e+00,6.173634482758620479e+00
4.467427586206896173e+00,6.609593103448275997e+00
4.730703448275862755e+00,7.116786206896552613e+00
5.153741379310344151e+00,7.737086206896551133e+00
5.650771159874608429e+00,8.361771159874608728e+00
6.106234482758620352e+00,8.898234482758621056e+00
6.456677115987460525e+00,9.248677115987460340e+00
6.887981191222571020e+00,9.517322884012539674e+00
7.398503448275860706e+00,9.948765517241378475e+00
7.855520376175547881e+00,1.021861442006269627e+01
8.341655172413792840e+00,1.048408620689655280e+01
8.850510344827586806e+00,1.076299999999999990e+01
9.039406896551724913e+00,1.093840689655172582e+01
9.352748275862069249e+00,1.117123448275862074e+01
9.663827586206895859e+00,1.155251724137930935e+01
9.927937931034483299e+00,1.182693793103448243e+01
1.031829655172413851e+01,1.221729655172413942e+01
1.076856739811912078e+01,1.274883385579937212e+01
1.130793793103448230e+01,1.345093793103448299e+01
1.165307523510971777e+01,1.387707523510971797e+01
1.184135423197492187e+01,1.414635423197492159e+01
1.194800000000000040e+01,1.433399999999999963e+01
