2.451000000000000068e+00,-1.140000000000000041e-01
2.451000000000000068e+00,2.646896551724138291e-01
2.451000000000000068e+00,5.360000000000000320e-01
2.451000000000000068e+00,9.419999999999999485e-01
2.451000000000000068e+00,1.292379310344827559e+00
2.532000000000000028e+00,1.710329501915708761e+00
2.613057471264367937e+00,2.482126436781609158e+00
2.613999999999999879e+00,2.941647509578543929e+00
2.613999999999999879e+00,3.535275862068964603e+00
2.854206896551724437e+00,4.143310344827586533e+00
3.557210727969348785e+00,4.807210727969349229e+00
4.260586206896551431e+00,5.336793103448275843e+00
4.801275862068965061e+00,5.727252873563218216e+00
5.585965517241379352e+00,6.120482758620689800e+00
6.584482758620689324e+00,6.698122605363983517e+00
7.814877394636016383e+00,7.383172413793103850e+00
8.747743295019155596e+00,7.872034482758619944e+00
9.516724137931033667e+00,8.493747126436781869e+00
1.046341379310344877e+01,9.197268199233716857e+00
1.124778927203064960e+01,9.844551724137929227e+00
1.162299999999999933e+01,1.027879310344827601e+01
1.202899999999999991e+01,1.079124137931034433e+01
1.228758620689655068e+01,1.103535249042145594e+01
1.267993103448275960e+01,1.149586206896551666e+01
1.299027586206896601e+01,1.196811877394635992e+01
1.349186206896551532e+01,1.265824137931034343e+01
1.385596551724137981e+01,1.307696551724137990e+01
1.408564750957854272e+01,1.346931034482758527e+01
1.422100000000000009e+01,1.368500000000000050e+01
1.430199999999999960e+01,1.376600000000000001e+01
