5.839999999999999636e-01,1.266000000000000014e+00
7.113879310344828344e-01,1.266000000000000014e+00
9.997758620689654041e-01,1.266000000000000014e+00
1.477000000000000091e+00,1.210836206896551692e+00
2.084344827586206872e+00,1.185000000000000053e+00
2.838645320197044519e+00,1.185000000000000053e+00
3.631891625615763619e+00,1.185000000000000053e+00
4.310817733990147005e+00,1.185000000000000053e+00
5.358645320197043205e+00,1.380527093596058741e+00
6.090732758620689857e+00,1.746366379310344774e+00
7.048871921182266576e+00,2.491581280788178088e+00
7.737817733990147495e+00,3.224817733990147151e+00
8.474060344827586633e+00,4.074530172413793672e+00
9.363918103448277463e+00,5.282754310344827786e+00
9.977306034482758434e+00,6.473918103448275119e+00
1.032499999999999929e+01,7.480387931034482740e+00
1.055508189655172302e+01,8.208086206896549442e+00
1.076346982758620641e+01,9.155810344827585823e+00
1.089300000000000068e+01,9.862817733990148383e+00
1.089300000000000068e+01,1.031270935960591117e+01
1.089300000000000068e+01,1.060763362068965776e+01
1.081199999999999939e+01,1.097288177339901516e+01
1.073099999999999987e+01,1.134545320197044127e+01
1.067121674876847237e+01,1.179605418719211762e+01
1.064899999999999913e+01,1.224235467980295589e+01
1.064899999999999913e+01,1.267189655172413687e+01
1.064899999999999913e+01,1.314283620689655230e+01
1.073099999999999987e+01,1.350332758620689511e+01
1.081199999999999939e+01,1.384699999999999953e+01
1.081199999999999939e+01,1.417200000000000060e+01
