4.886000000000000121e+00,3.620000000000000107e+00
5.044344827586207280e+00,3.777344827586206932e+00
5.120689655172413701e+00,4.025999999999999801e+00
5.129999999999999893e+00,4.255034482758620840e+00
5.129999999999999893e+00,4.492051724137930968e+00
5.211000000000000298e+00,4.648814655172413879e+00
5.211000000000000298e+00,4.882068965517241566e+00
5.331413793103448207e+00,5.161999999999999922e+00
5.373000000000000220e+00,5.359758620689654585e+00
5.566103448275861787e+00,5.679475095785440963e+00
5.723448275862069501e+00,6.024896551724138405e+00
5.942000000000000171e+00,6.461000000000000298e+00
6.184999999999999609e+00,6.721137931034482982e+00
6.440482758620690085e+00,7.110000000000000320e+00
6.929655172413792918e+00,7.441827586206896328e+00
7.706517241379311045e+00,7.672088122605364546e+00
8.666551724137930179e+00,7.910517241379309894e+00
9.854249042145593052e+00,8.230862068965517864e+00
1.087220689655172556e+01,8.631950191570881614e+00
1.143555172413793031e+01,8.870551724137930805e+00
1.175589655172413828e+01,9.057999999999999829e+00
1.191324137931034599e+01,9.348241379310344712e+00
1.223358620689655041e+01,9.749586206896550422e+00
1.262724904214559274e+01,1.026886206896551634e+01
1.329937068965517355e+01,1.111418534482758602e+01
1.357099999999999973e+01,1.151494827586206782e+01
1.382896551724137879e+01,1.192710344827586155e+01
1.405799999999999983e+01,1.230499999999999972e+01
1.422100000000000009e+01,1.263465517241379388e+01
1.438299999999999912e+01,1.279199999999999982e+01
