2.370000000000000107e+00,2.109999999999999931e-01
2.451000000000000068e+00,2.919999999999999818e-01
2.631689655172413822e+00,5.536896551724137527e-01
3.068883620689655256e+00,9.098836206896550038e-01
3.820758620689655327e+00,1.464379310344827712e+00
4.245379310344827850e+00,1.842931034482758745e+00
4.661155172413793402e+00,2.127577586206896409e+00
5.221241379310344932e+00,2.598827586206896356e+00
5.767478448275861425e+00,3.109956896551723471e+00
6.652099137931034356e+00,3.999383620689655583e+00
7.317896551724138554e+00,4.995325670498085735e+00
7.913586206896551012e+00,5.847379310344827275e+00
8.250534482758620669e+00,6.497310344827586626e+00
8.538999999999999702e+00,7.058482758620689523e+00
8.782000000000000028e+00,7.511112068965516642e+00
9.149943965517241651e+00,8.456831896551724626e+00
9.645517241379309326e+00,9.405034482758619419e+00
9.819620689655172541e+00,9.770844827586206094e+00
1.015020689655172426e+01,1.026420689655172502e+01
1.032655172413793032e+01,1.076455172413793093e+01
1.048700000000000010e+01,1.109463362068965608e+01
1.064899999999999913e+01,1.134252155172413801e+01
1.081199999999999939e+01,1.172675862068965458e+01
1.124942241379310381e+01,1.236823275862068883e+01
1.146100000000000030e+01,1.274731034482758574e+01
1.166918390804597649e+01,1.308162068965517300e+01
1.200421120689655119e+01,1.363542241379310305e+01
1.241731034482758567e+01,1.419993103448275740e+01
1.283611206896551593e+01,1.465411206896551732e+01
1.300300000000000011e+01,1.490300000000000047e+01
