2.451000000000000068e+00,4.107000000000000206e+00
2.684758620689655206e+00,4.492517241379310633e+00
3.151852664576802354e+00,4.970037617554859288e+00
3.482025862068965250e+00,5.276755747126436802e+00
3.715784482758620832e+00,5.405999999999999694e+00
4.067086206896552092e+00,5.604543103448275332e+00
4.417563218390804458e+00,5.764051724137931210e+00
4.954712643678160333e+00,5.996810344827586015e+00
5.467568965517241253e+00,6.324137931034482740e+00
5.944539184952978061e+00,6.625570532915360467e+00
6.344672413793104759e+00,7.026672413793104255e+00
6.660594827586206357e+00,7.423594827586206257e+00
6.894086206896552049e+00,7.738353448275861801e+00
7.078000000000000291e+00,8.221862068965517523e+00
7.367183908045976892e+00,9.033425287356322997e+00
7.519379310344827871e+00,9.570574712643677984e+00
7.752137931034482676e+00,1.008258620689655061e+01
7.829913793103448150e+00,1.040029310344827529e+01
7.982405172413793437e+00,1.069340517241379374e+01
8.134163793103446949e+00,1.092616379310344854e+01
8.374429467084640422e+00,1.124746081504702211e+01
8.619999999999999218e+00,1.154970689655172400e+01
8.899097701149424111e+00,1.179518965517241291e+01
9.202896551724137453e+00,1.215789655172413752e+01
9.565370689655173564e+00,1.247546264367815994e+01
9.953215517241378762e+00,1.290763793103448265e+01
1.018627011494252876e+01,1.305997413793103412e+01
1.042098119122257138e+01,1.321298119122257120e+01
1.056799999999999962e+01,1.335999999999999943e+01
1.064899999999999913e+01,1.344200000000000017e+01
