2.938000000000000167e+00,2.971000000000000085e+00
2.938000000000000167e+00,3.173300492610837242e+00
2.938000000000000167e+00,3.376596059113300186e+00
3.054344827586207067e+00,3.573913793103448366e+00
3.262201970443349364e+00,3.944201970443349303e+00
3.378564655172413556e+00,4.141564655172413900e+00
3.424999999999999822e+00,4.420827586206897308e+00
3.622215517241379246e+00,4.756000000000000227e+00
3.750000000000000000e+00,4.988478448275861510e+00
4.021133004926109145e+00,5.352133004926108661e+00
4.144129310344827566e+00,5.649000000000000021e+00
4.341392241379310235e+00,5.916392241379310413e+00
4.696068965517241622e+00,6.366034482758620605e+00
5.419370689655172768e+00,6.809043103448275680e+00
6.301612068965517288e+00,7.110000000000000320e+00
7.042387931034483017e+00,7.110000000000000320e+00
7.982586206896550074e+00,7.168672413793102827e+00
9.473896551724138249e+00,7.367965517241379381e+00
1.079914224137931100e+01,7.736607758620690056e+00
1.172874137931034433e+01,8.083999999999999631e+00
1.262439901477832649e+01,8.435733990147785022e+00
1.293352155172413909e+01,8.664521551724138959e+00
1.329378448275861935e+01,9.023784482758619774e+00
1.366417241379310354e+01,9.544999999999999929e+00
1.389600000000000080e+01,9.708000000000000185e+00
1.422179802955665018e+01,1.019659605911330047e+01
1.459165517241379284e+01,1.080908620689655208e+01
1.478899999999999970e+01,1.100640394088669893e+01
1.486999999999999922e+01,1.120969950738916232e+01
1.495100000000000051e+01,1.141200000000000081e+01
