2.044999999999999929e+00,4.550000000000000155e-01
1.963999999999999968e+00,5.360000000000000320e-01
1.963999999999999968e+00,8.248866995073891317e-01
2.236330049261083808e+00,1.213330049261083676e+00
2.532000000000000028e+00,1.763773399014778143e+00
2.689064655172413776e+00,2.066129310344827719e+00
2.835702586206896747e+00,2.321000000000000174e+00
3.100999999999999979e+00,2.771340517241378976e+00
3.372978448275861574e+00,3.272314655172412934e+00
3.939400862068965559e+00,3.891232758620689847e+00
4.961990147783252425e+00,4.833985221674877764e+00
5.801344827586206065e+00,5.305448275862068463e+00
6.391433497536946007e+00,5.649000000000000021e+00
7.319330049261083992e+00,6.162660098522167118e+00
8.899113300492610179e+00,6.965556650246305104e+00
1.006344334975369392e+01,7.733556650246305786e+00
1.089499507389162325e+01,8.220665024630541495e+00
1.173478325123152644e+01,8.608566502463053993e+00
1.229255172413793140e+01,8.996551724137932027e+00
1.259901970443349661e+01,9.303995073891623946e+00
1.298938362068965624e+01,9.761767241379311955e+00
1.346102155172413894e+01,1.027599999999999980e+01
1.373399999999999999e+01,1.063765948275862172e+01
1.391729741379310425e+01,1.088659482758620634e+01
1.414000000000000057e+01,1.125593534482758606e+01
1.430199999999999960e+01,1.156422660098522037e+01
1.435466995073891638e+01,1.178966995073891688e+01
1.446400000000000041e+01,1.209711330049261058e+01
1.464455665024630626e+01,1.256655665024630508e+01
1.478899999999999970e+01,1.279199999999999982e+01
