1.233999999999999986e+00,3.213999999999999968e+00
1.612727272727272787e+00,3.398836990595611063e+00
2.413673981191222673e+00,3.722836990595611351e+00
3.036670846394984302e+00,3.977755485893416765e+00
3.675347962382445210e+00,4.231673981191222289e+00
4.346184952978056515e+00,4.486592476489028591e+00
4.936830721003135025e+00,4.740510971786833672e+00
5.684288401253918543e+00,5.234802507836990415e+00
6.197695924764889952e+00,5.986695924764890542e+00
6.527266457680251044e+00,6.675012539184953297e+00
6.781184952978056124e+00,7.467087774294671298e+00
6.955103448275862021e+00,8.120793103448274763e+00
7.128021943573667585e+00,8.671661442006270093e+00
7.300940438871473148e+00,9.241573667711598716e+00
7.483999999999999986e+00,9.689605015673981470e+00
7.736141065830721253e+00,1.038453605015673986e+01
8.051999999999999602e+00,1.094505956112852729e+01
8.163978056426332230e+00,1.111897805642633230e+01
8.379310344827587187e+00,1.149631034482758629e+01
8.538999999999999702e+00,1.178981504702194272e+01
8.701000000000000512e+00,1.204473354231974902e+01
8.857573667711600152e+00,1.229865203761755410e+01
9.030570532915360715e+00,1.254899999999999949e+01
9.269000000000000128e+00,1.271100000000000030e+01
9.565815047021944295e+00,1.300781504702194447e+01
1.011832601880877647e+01,1.331632601880877687e+01
1.058348902821316528e+01,1.357124451410658317e+01
1.115221943573667573e+01,1.368500000000000050e+01
1.176402821316614400e+01,1.376600000000000001e+01
1.210999999999999943e+01,1.384699999999999953e+01
