1.883000000000000007e+00,4.550000000000000155e-01
1.989137931034482776e+00,4.550000000000000155e-01
2.167150862068965456e+00,4.550000000000000155e-01
2.647672413793103363e+00,5.360000000000000320e-01
3.453396551724137620e+00,6.169999999999999929e-01
4.063129310344828049e+00,6.169999999999999929e-01
4.742155172413792918e+00,6.169999999999999929e-01
5.685431034482758328e+00,6.917155172413791409e-01
6.222706896551724043e+00,1.104000000000000092e+00
6.750206896551723901e+00,1.708310344827586480e+00
7.218004310344827701e+00,2.521008620689655810e+00
7.402999999999999581e+00,3.626284482758620253e+00
7.320999999999999730e+00,4.273189655172414447e+00
6.953706896551723915e+00,4.962293103448275566e+00
6.210137931034482861e+00,6.085724137931033617e+00
5.672862068965517146e+00,7.160431034482759749e+00
5.373000000000000220e+00,7.997413793103446800e+00
5.291999999999999815e+00,8.542719827586207515e+00
5.291999999999999815e+00,8.973857758620690461e+00
5.455000000000000071e+00,9.301999999999999602e+00
5.658896551724138746e+00,9.587413793103449322e+00
6.004146551724137915e+00,9.932146551724137851e+00
6.272284482758620605e+00,1.012028448275862047e+01
6.622422413793103146e+00,1.035699999999999932e+01
6.996999999999999886e+00,1.048443534482758643e+01
7.636573275862068577e+00,1.059145689655172440e+01
8.261327586206896001e+00,1.069771120689655142e+01
9.026698275862067078e+00,1.084399999999999942e+01
9.649862068965516571e+00,1.092500000000000071e+01
1.008099999999999952e+01,1.092500000000000071e+01
