3.911999999999999922e+00,6.979999999999999538e-01
3.911999999999999922e+00,1.000344827586206797e+00
3.911999999999999922e+00,1.301689655172413751e+00
3.911999999999999922e+00,1.523034482758620634e+00
3.994000000000000217e+00,1.824379310344827587e+00
4.075000000000000178e+00,1.997000000000000108e+00
4.075000000000000178e+00,2.240000000000000213e+00
4.075000000000000178e+00,2.406413793103448384e+00
4.155999999999999694e+00,2.769517241379309880e+00
4.155999999999999694e+00,3.211206896551724199e+00
4.155999999999999694e+00,3.539000000000000146e+00
4.155999999999999694e+00,3.782000000000000028e+00
4.317999999999999616e+00,4.516072413793104090e+00
4.596634482758620521e+00,5.509903448275862203e+00
4.982244827586206348e+00,6.260734482758619990e+00
5.426334482758621292e+00,7.230089655172413643e+00
6.196731034482757750e+00,8.270034482758619632e+00
6.805272413793103325e+00,8.892927586206896606e+00
7.408586206896551118e+00,9.550655172413792471e+00
7.921452107279692179e+00,1.014545210727969327e+01
8.337413793103449322e+00,1.064289655172413873e+01
8.477241379310344271e+00,1.092500000000000071e+01
8.778586206896552113e+00,1.124658620689655208e+01
9.135862068965517224e+00,1.165600000000000058e+01
9.351000000000000867e+00,1.198099999999999987e+01
9.684620689655172754e+00,1.223362068965517224e+01
9.905965517241378748e+00,1.253596551724137953e+01
1.016200000000000081e+01,1.279199999999999982e+01
1.037031034482758507e+01,1.300031034482758585e+01
1.056799999999999962e+01,1.319800000000000040e+01
