1.070999999999999952e+00,4.550000000000000155e-01
1.233999999999999986e+00,8.326896551724137785e-01
1.530689655172413843e+00,1.536379310344827553e+00
1.761034482758620623e+00,2.441597701149425426e+00
1.990379310344827513e+00,3.267084291187739353e+00
2.220724137931034736e+00,3.970448275862068943e+00
2.450068965517241626e+00,4.592137931034483422e+00
2.680413793103447961e+00,5.200061302681992181e+00
3.206517241379309713e+00,5.755168582375478792e+00
4.068896551724138000e+00,6.214689655172414007e+00
5.232107279693487101e+00,6.486448275862069401e+00
6.313318007662834574e+00,6.541999999999999815e+00
7.397390804597701042e+00,6.462862068965517182e+00
8.623222222222223010e+00,6.151708812260536341e+00
1.001577777777777811e+01,6.003172413793103956e+00
1.117204980842912043e+01,5.974000000000000199e+00
1.222303448275861903e+01,5.974000000000000199e+00
1.284286206896551619e+01,6.219862068965516855e+00
1.308399999999999963e+01,6.437413793103448967e+00
1.330255172413792941e+01,6.679237547892720173e+00
1.349000000000000021e+01,7.110000000000000320e+00
1.365300000000000047e+01,7.572831417624521499e+00
1.373399999999999999e+01,8.046938697318006817e+00
1.381593103448275883e+01,8.654862068965517352e+00
1.397700000000000031e+01,9.289275862068965495e+00
1.397700000000000031e+01,9.627000000000000668e+00
1.405799999999999983e+01,9.991965517241379047e+00
1.405799999999999983e+01,1.019500000000000028e+01
1.405799999999999983e+01,1.046547892720306550e+01
1.405799999999999983e+01,1.076299999999999990e+01
