6.660000000000000364e-01,4.512999999999999901e+00
7.469999999999999973e-01,4.612282131661442186e+00
8.682206896551724062e-01,4.674999999999999822e+00
1.050331034482758552e+00,4.674999999999999822e+00
1.313882758620689373e+00,4.756000000000000227e+00
1.593768025078369899e+00,4.773993730407523728e+00
1.955112852664576684e+00,4.874056426332288083e+00
2.452015673981190691e+00,4.973338557993730369e+00
2.921241379310344666e+00,5.000000000000000000e+00
3.376813793103448536e+00,5.081000000000000405e+00
3.938084639498433237e+00,5.161999999999999922e+00
4.642492163009404038e+00,5.243999999999999773e+00
5.419341692789968690e+00,5.478112852664576593e+00
6.124668965517241048e+00,5.741334482758620794e+00
6.621444827586207005e+00,6.004444827586207012e+00
7.148665517241379774e+00,6.319110344827586268e+00
7.929534482758619163e+00,6.997996551724136260e+00
8.484661442006268928e+00,7.614884012539184788e+00
8.999338557993731058e+00,8.138673981191223206e+00
9.603902821316614435e+00,8.743902821316613228e+00
1.030307931034482927e+01,9.280213793103449404e+00
1.057637931034482648e+01,9.544999999999999929e+00
1.091966144200626943e+01,9.734661442006268928e+00
1.126294357366771060e+01,9.995943573667711135e+00
1.183145141065830863e+01,1.042022570532915360e+01
1.251712413793103451e+01,1.076355862068965408e+01
1.304459310344827649e+01,1.100600000000000023e+01
1.349055862068965439e+01,1.112877931034482692e+01
1.397700000000000031e+01,1.133099999999999952e+01
1.430199999999999960e+01,1.133099999999999952e+01
