2.613999999999999879e+00,1.104000000000000092e+00
2.694999999999999840e+00,1.266000000000000014e+00
3.018600985221675082e+00,1.590600985221674701e+00
3.518678160919540332e+00,2.171103448275862213e+00
3.911201970443349385e+00,2.725403940886699239e+00
4.329172413793103580e+00,3.260086206896551708e+00
4.906876847290640775e+00,4.046748768472906654e+00
5.708241379310344144e+00,4.974862068965516748e+00
6.452275862068964862e+00,6.276189655172411896e+00
6.916000000000000369e+00,7.634034482758621287e+00
6.996999999999999886e+00,8.523655172413795000e+00
6.996999999999999886e+00,9.360189655172412415e+00
6.996999999999999886e+00,1.012470689655172507e+01
6.996999999999999886e+00,1.085517241379310427e+01
6.996999999999999886e+00,1.236630049261083641e+01
6.996999999999999886e+00,1.339422413793103495e+01
7.240000000000000213e+00,1.395227586206896575e+01
7.544251231527093537e+00,1.443449753694581261e+01
7.807999999999999829e+00,1.465900000000000070e+01
8.132999999999999119e+00,1.472882758620689536e+01
8.480344827586208112e+00,1.474000000000000021e+01
8.852218390804598158e+00,1.490300000000000047e+01
9.269000000000000128e+00,1.490300000000000047e+01
9.650793103448275900e+00,1.490300000000000047e+01
1.019734482758620686e+01,1.490300000000000047e+01
1.087145320197044285e+01,1.490300000000000047e+01
1.152989655172413741e+01,1.490300000000000047e+01
1.211040394088669814e+01,1.490300000000000047e+01
1.246898275862069028e+01,1.490300000000000047e+01
1.275999999999999979e+01,1.490300000000000047e+01
