3.019000000000000128e+00,4.550000000000000155e-01
3.343999999999999861e+00,8.153103448275862419e-01
3.497620689655172033e+00,1.095620689655172342e+00
3.696931034482758616e+00,1.484862068965517201e+00
3.977034482758620815e+00,1.882275862068965244e+00
4.256551724137930925e+00,2.198103448275861904e+00
4.480999999999999872e+00,2.620862068965517100e+00
4.654172413793102869e+00,2.993344827586206680e+00
4.981551724137930570e+00,3.505482758620689587e+00
5.378620689655172704e+00,4.031586206896551339e+00
5.938689655172414206e+00,4.711793103448276732e+00
6.341413793103448882e+00,5.232758620689654805e+00
6.814827586206897436e+00,5.710827586206897344e+00
7.374896551724138050e+00,6.189896551724137552e+00
7.889999999999999680e+00,6.645620689655172164e+00
8.332034482758620797e+00,6.866999999999999993e+00
8.810103448275860671e+00,7.300931034482757376e+00
9.238275862068965338e+00,7.647896551724137737e+00
9.524172413793102976e+00,8.008586206896552540e+00
9.921793103448274920e+00,8.450896551724138561e+00
1.031937931034482858e+01,8.890413793103450146e+00
1.060151724137931062e+01,9.091931034482758633e+00
1.080082758620689631e+01,9.290827586206896527e+00
1.097400000000000020e+01,9.544999999999999929e+00
1.111644827586206929e+01,9.769448275862069764e+00
1.131575862068965499e+01,1.011400000000000077e+01
1.164879310344827523e+01,1.056993103448275839e+01
1.210999999999999943e+01,1.117737931034482735e+01
1.227299999999999969e+01,1.137568965517241359e+01
1.235399999999999920e+01,1.165600000000000058e+01
