1.883000000000000007e+00,4.269000000000000128e+00
1.963999999999999968e+00,4.387310344827586306e+00
2.118517241379310079e+00,4.585620689655172555e+00
2.316931034482758722e+00,4.865931034482758655e+00
2.515241379310344971e+00,5.081000000000000405e+00
2.795551724137931071e+00,5.364103448275862718e+00
3.212724137931034285e+00,5.867862068965517430e+00
3.680172413793103559e+00,6.229172413793103047e+00
3.960068965517241413e+00,6.589482758620689218e+00
4.564793103448276490e+00,6.953586206896551936e+00
5.205413793103449649e+00,7.393103448275861744e+00
6.237999999999999545e+00,7.673344827586206840e+00
7.089172413793104255e+00,7.679000000000000270e+00
7.914965517241379089e+00,7.679000000000000270e+00
8.664689655172413296e+00,7.701344827586207309e+00
9.387034482758620513e+00,7.818655172413793153e+00
1.036689655172413538e+01,8.098137931034482762e+00
1.115617241379310265e+01,8.378275862068965907e+00
1.180834482758620751e+01,8.658586206896552895e+00
1.247689655172413836e+01,8.977000000000000313e+00
1.299741379310344946e+01,9.299206896551725166e+00
1.332799999999999940e+01,9.578931034482758733e+00
1.340900000000000070e+01,9.858827586206896143e+00
1.351513793103448258e+01,1.008258620689655238e+01
1.379544827586206956e+01,1.041844827586206890e+01
1.391275862068965630e+01,1.079651724137930913e+01
1.414000000000000057e+01,1.119413793103448285e+01
1.438299999999999912e+01,1.150237931034482664e+01
1.446400000000000041e+01,1.170068965517241466e+01
1.454499999999999993e+01,1.181799999999999962e+01
