3.994000000000000217e+00,2.726999999999999869e+00
4.297237068965517715e+00,2.905012931034482992e+00
4.895448275862069210e+00,3.163025862068965299e+00
5.390674329501915274e+00,3.376999999999999780e+00
5.920219827586207018e+00,3.771176724137931036e+00
6.518379310344827537e+00,4.115379310344827957e+00
6.973607758620690156e+00,4.551405172413793387e+00
7.552431034482758321e+00,4.906431034482758413e+00
7.889999999999999680e+00,5.458758620689654784e+00
7.971000000000000085e+00,6.441099137931034946e+00
7.954137931034481745e+00,6.875379310344827744e+00
7.379318965517240869e+00,7.481784482758619959e+00
6.676189655172414028e+00,8.400620689655172058e+00
6.212581896551723659e+00,9.516331896551724512e+00
5.953172413793104134e+00,1.033465517241379139e+01
5.860000000000000320e+00,1.143448275862069075e+01
5.860000000000000320e+00,1.200858189655172303e+01
5.903120689655172448e+00,1.242912068965517136e+01
6.022999999999999687e+00,1.271100000000000030e+01
6.574241379310343802e+00,1.350613793103448224e+01
6.922633620689656375e+00,1.384699999999999953e+01
7.158999999999999808e+00,1.392900000000000027e+01
7.368362068965516265e+00,1.392900000000000027e+01
7.769594827586206343e+00,1.392900000000000027e+01
8.445379310344828028e+00,1.400581034482758547e+01
9.279956896551723844e+00,1.409099999999999930e+01
9.901931034482757354e+00,1.417200000000000060e+01
1.055892241379310015e+01,1.422297413793103438e+01
1.089300000000000068e+01,1.431898706896551587e+01
1.105499999999999972e+01,1.441600000000000037e+01
