1.070999999999999952e+00,1.429000000000000048e+00
1.153000000000000025e+00,1.590999999999999970e+00
1.314999999999999947e+00,1.671999999999999931e+00
1.477000000000000091e+00,1.683731034482758515e+00
1.800882758620689694e+00,1.955941379310344841e+00
2.360503448275862670e+00,2.154251724137930868e+00
2.788848275862068959e+00,2.263462068965517382e+00
3.337017241379309773e+00,2.373310344827586071e+00
3.991956112852664607e+00,2.564999999999999947e+00
4.551386206896551379e+00,2.762193103448275622e+00
4.995993103448276962e+00,2.953403448275862431e+00
5.567841379310343619e+00,3.143613793103448018e+00
6.312924137931035240e+00,3.504924137931034966e+00
7.066268965517241263e+00,3.852196551724137663e+00
7.771965517241379295e+00,4.232965517241378706e+00
8.390689655172414163e+00,4.770689655172414056e+00
8.956731034482757536e+00,5.336731034482758318e+00
9.547075862068965080e+00,6.076648275862068793e+00
9.989386206896551101e+00,6.683641379310345521e+00
1.034259655172413694e+01,7.127813793103448425e+00
1.069537241379310366e+01,7.608179310344828750e+00
1.105601567398119123e+01,8.167015673981191881e+00
1.116568965517241274e+01,8.438327586206897379e+00
1.135653793103448272e+01,8.629248275862069661e+00
1.146100000000000030e+01,8.900748275862069292e+00
1.166456551724137825e+01,9.303117241379309732e+00
1.186700000000000088e+01,9.834806896551723909e+00
1.220847931034482770e+01,1.061747931034482839e+01
1.240678965517241394e+01,1.097778965517241367e+01
1.251600000000000001e+01,1.116900000000000048e+01
