4.399000000000000021e+00,1.752999999999999892e+00
4.480999999999999872e+00,1.797410344827586215e+00
4.642999999999999794e+00,1.923820689655172389e+00
4.776231034482758098e+00,2.211231034482758595e+00
4.999282758620689826e+00,2.580641379310344874e+00
5.211000000000000298e+00,2.971000000000000085e+00
5.396751724137931028e+00,3.342213793103448349e+00
5.603872413793102858e+00,3.837582758620689205e+00
5.891668965517241396e+00,4.382282758620689833e+00
6.179693103448275160e+00,4.908320689655171876e+00
6.468103448275861922e+00,5.484206896551723887e+00
6.836827586206895901e+00,6.063413793103447524e+00
7.211137931034483195e+00,6.809275862068965957e+00
7.402999999999999581e+00,7.203482758620689985e+00
7.625827586206896491e+00,7.699233716475094802e+00
7.645999999999999908e+00,7.942172413793103125e+00
7.727000000000000313e+00,8.166000000000000369e+00
7.947724137931033717e+00,8.686804597701149433e+00
8.132999999999999119e+00,9.221000000000000085e+00
8.255896551724138277e+00,9.464000000000000412e+00
8.377000000000000668e+00,9.627000000000000668e+00
8.588717241379310252e+00,9.838717241379310252e+00
8.971255172413792778e+00,1.011400000000000077e+01
9.408537931034484103e+00,1.035699999999999932e+01
9.798155172413794745e+00,1.054020689655172482e+01
1.027788275862068801e+01,1.074735862068965453e+01
1.067812413793103410e+01,1.095376896551724144e+01
1.097400000000000020e+01,1.108799999999999919e+01
1.133558965517241290e+01,1.116900000000000048e+01
1.170500000000000007e+01,1.125000000000000000e+01
