4.724000000000000199e+00,2.403000000000000025e+00
4.724000000000000199e+00,2.617510344827586266e+00
4.724000000000000199e+00,2.835019157088122466e+00
4.724000000000000199e+00,3.047531034482758638e+00
4.772041379310344666e+00,3.554082758620690008e+00
4.967999999999999972e+00,4.290992337164751369e+00
5.049000000000000377e+00,4.585062068965517490e+00
5.211000000000000298e+00,5.178425287356321682e+00
5.291999999999999815e+00,5.520517241379310214e+00
5.291999999999999815e+00,6.043206896551724050e+00
5.291999999999999815e+00,6.585448275862069600e+00
5.391944827586207190e+00,7.185086206896551531e+00
5.455000000000000071e+00,8.236137931034482662e+00
5.455000000000000071e+00,9.182734482758620587e+00
5.535999999999999588e+00,9.817489655172412455e+00
5.535999999999999588e+00,1.040951034482758786e+01
5.698000000000000398e+00,1.099753448275861878e+01
5.860000000000000320e+00,1.167772413793103503e+01
5.942000000000000171e+00,1.198099999999999987e+01
6.060551724137930307e+00,1.218055172413793130e+01
6.271896551724139179e+00,1.255489655172413777e+01
6.591000000000000192e+00,1.293803448275862067e+01
7.029586206896551559e+00,1.331158620689655159e+01
7.248937931034483029e+00,1.336904827586206856e+01
7.543275862068965942e+00,1.344200000000000017e+01
7.874324137931033363e+00,1.363695862068965425e+01
8.718931034482759301e+00,1.393346896551724079e+01
9.594931034482756971e+00,1.400999999999999979e+01
1.013833103448275708e+01,1.409099999999999930e+01
1.040600000000000058e+01,1.409099999999999930e+01
