3.424999999999999822e+00,3.701000000000000068e+00
3.424999999999999822e+00,3.818758620689655103e+00
3.424999999999999822e+00,4.106720689655172229e+00
3.588000000000000078e+00,4.783537931034482327e+00
3.741341379310344717e+00,5.785917241379309850e+00
3.866751724137931223e+00,6.577751724137931078e+00
3.911999999999999922e+00,6.858062068965517177e+00
3.939710344827586308e+00,7.219372413793103682e+00
4.155999999999999694e+00,7.578565517241378835e+00
4.508093103448276295e+00,7.949093103448276132e+00
4.706403448275862544e+00,8.083999999999999631e+00
4.913144827586206631e+00,8.083999999999999631e+00
5.112124137931034262e+00,8.083999999999999631e+00
5.556482758620689744e+00,7.921999999999999709e+00
6.067689655172413765e+00,7.778155172413793395e+00
6.645465517241380127e+00,7.759999999999999787e+00
7.259551724137929263e+00,7.820517241379310036e+00
7.744875862068965944e+00,8.020875862068965745e+00
8.106186206896550672e+00,8.138855172413792971e+00
8.493193103448275494e+00,8.409000000000000696e+00
9.052813793103448248e+00,8.625572413793104687e+00
9.360217241379311659e+00,8.824217241379310295e+00
9.647627586206896311e+00,9.140000000000000568e+00
9.846937931034482006e+00,9.400875862068964750e+00
1.012624827586206955e+01,9.788999999999999702e+00
1.041465862068965542e+01,1.013131724137931045e+01
1.069452413793103318e+01,1.040196896551724137e+01
1.089300000000000068e+01,1.060155862068965504e+01
1.109968965517241379e+01,1.092500000000000071e+01
1.129899999999999949e+01,1.108799999999999919e+01
