9.899999999999999911e-01,2.645999999999999908e+00
1.070999999999999952e+00,2.807999999999999829e+00
1.153000000000000025e+00,2.905920689655172584e+00
1.153000000000000025e+00,3.052000000000000046e+00
1.233999999999999986e+00,3.213999999999999968e+00
1.310251724137931228e+00,3.376999999999999780e+00
1.435662068965517291e+00,3.659662068965517268e+00
1.488172413793103388e+00,3.956172413793103360e+00
1.558000000000000052e+00,4.162582758620689383e+00
1.661103448275862204e+00,4.555206896551724505e+00
1.883000000000000007e+00,4.989448275862069515e+00
1.998913793103447967e+00,5.394827586206896619e+00
2.214424137931034764e+00,5.812000000000000277e+00
2.420834482758620787e+00,6.136000000000000121e+00
2.726655172413792627e+00,6.476827586206896470e+00
3.458517241379310825e+00,6.770172413793103416e+00
4.764034482758618516e+00,7.222165517241379007e+00
5.759727586206896177e+00,7.354000000000000092e+00
6.439741379310345515e+00,7.354000000000000092e+00
7.130888888888886612e+00,7.434999999999999609e+00
8.292325670498087220e+00,7.575896551724138561e+00
9.239148275862069326e+00,7.759999999999999787e+00
1.004748275862068851e+01,8.061655172413791703e+00
1.048700000000000010e+01,8.246999999999999886e+00
1.074049655172413864e+01,8.413748275862069192e+00
1.110962068965517169e+01,8.653000000000000469e+00
1.158359310344827620e+01,8.916668965517242640e+00
1.222504137931034229e+01,9.351158620689652423e+00
1.279165517241379213e+01,9.820655172413792044e+00
1.332799999999999940e+01,1.019500000000000028e+01
