-6.500000000000000222e-02,2.483999999999999986e+00
1.600000000000000033e-02,2.726999999999999869e+00
9.700000000000000289e-02,2.901172413793103644e+00
2.600000000000000089e-01,3.138187192118226498e+00
3.410000000000000253e-01,3.387773399014778253e+00
4.383596059113300525e-01,3.636359605911330117e+00
6.879458128078819179e-01,3.988891625615763825e+00
1.005960591133004733e+00,4.366960591133004499e+00
1.336546798029556227e+00,4.838000000000000078e+00
1.721000000000000085e+00,5.352133004926108661e+00
2.727719211822660306e+00,5.974000000000000199e+00
3.964999999999998526e+00,6.217999999999999972e+00
5.632960591133005401e+00,6.136000000000000121e+00
6.829280788177340078e+00,6.054999999999999716e+00
7.608492610837438441e+00,6.054999999999999716e+00
8.289477832512316624e+00,6.173970443349753978e+00
8.864000000000000767e+00,6.504093596059112414e+00
9.106999999999999318e+00,6.834679802955665018e+00
9.323935960591134275e+00,7.164935960591133579e+00
9.642280788177339801e+00,7.597000000000000419e+00
9.810532019704433893e+00,8.029733990147784439e+00
9.919000000000000483e+00,8.387453201970444638e+00
9.919000000000000483e+00,8.653000000000000469e+00
9.919000000000000483e+00,8.896000000000000796e+00
9.919000000000000483e+00,9.204640394088670519e+00
9.989226600985221083e+00,9.534226600985221012e+00
1.008099999999999952e+01,9.945812807881774020e+00
1.016200000000000081e+01,1.043800000000000061e+01
1.016200000000000081e+01,1.083841379310344699e+01
1.024399999999999977e+01,1.108799999999999919e+01
