4.155999999999999694e+00,7.790000000000000258e-01
4.155999999999999694e+00,1.018344827586206813e+00
4.237000000000000099e+00,1.104000000000000092e+00
4.399000000000000021e+00,1.266000000000000014e+00
4.552379310344827346e+00,1.500379310344827521e+00
4.709724137931035060e+00,1.724448275862069169e+00
4.948835249042145890e+00,2.102206896551724213e+00
5.275590517241378841e+00,2.467590517241379011e+00
5.514353448275861602e+00,2.645999999999999908e+00
6.113310344827586285e+00,3.085206896551724309e+00
6.643448275862069430e+00,3.539000000000000146e+00
6.916000000000000369e+00,3.830383141762451871e+00
7.678120689655172804e+00,4.204060344827587059e+00
8.505482758620688699e+00,4.641482758620689708e+00
9.603310344827585610e+00,5.167183908045976715e+00
1.060198850574712637e+01,5.763988505747127178e+00
1.164296551724137707e+01,6.609448275862067845e+00
1.222446982758620670e+01,7.142870689655172356e+00
1.258282375478927229e+01,7.616030651340996549e+00
1.300800766283524901e+01,8.413655172413792016e+00
1.351389655172413740e+01,9.187793103448276710e+00
1.375564655172413886e+01,9.788999999999999702e+00
1.397700000000000031e+01,1.029240948275861989e+01
1.414000000000000057e+01,1.081979310344827638e+01
1.430199999999999960e+01,1.150827586206896491e+01
1.430199999999999960e+01,1.191836015325670317e+01
1.430199999999999960e+01,1.240282758620689663e+01
1.438299999999999912e+01,1.296431034482758626e+01
1.438765517241379222e+01,1.344665517241379327e+01
1.446400000000000041e+01,1.368500000000000050e+01
