2.775999999999999801e+00,3.782000000000000028e+00
3.253689655172413708e+00,4.102344827586207110e+00
3.740689655172413808e+00,4.422689655172414191e+00
3.979862068965517530e+00,4.580034482758621017e+00
4.297051724137930684e+00,4.594000000000000306e+00
4.752629310344827829e+00,4.756000000000000227e+00
5.499068965517241558e+00,4.963068965517241082e+00
6.384727969348658938e+00,5.201900383141762063e+00
7.147517241379309993e+00,5.487000000000000099e+00
7.766785440613027447e+00,5.679475095785440963e+00
8.722107279693487314e+00,5.999448275862069302e+00
9.596429118773945888e+00,6.319793103448275495e+00
1.037341379310344891e+01,6.477137931034483209e+00
1.115910727969348670e+01,6.797482758620689403e+00
1.187382758620689671e+01,7.116911877394636043e+00
1.210317241379310360e+01,7.272999999999999687e+00
1.234251724137930850e+01,7.585517241379310605e+00
1.243500000000000050e+01,7.759999999999999787e+00
1.251600000000000001e+01,8.042413793103447617e+00
1.267900000000000027e+01,8.383551724137930705e+00
1.275999999999999979e+01,8.703896551724138675e+00
1.284099999999999930e+01,9.023241379310345422e+00
1.284099999999999930e+01,9.262586206896550323e+00
1.300300000000000011e+01,9.538318007662835996e+00
1.300300000000000011e+01,9.869999999999999218e+00
1.310520689655172433e+01,1.017684482758620668e+01
1.317996551724137966e+01,1.053313793103448326e+01
1.324699999999999989e+01,1.078162068965517051e+01
1.332799999999999940e+01,1.116900000000000048e+01
1.340900000000000070e+01,1.149399999999999977e+01
