3.019000000000000128e+00,4.756000000000000227e+00
3.100999999999999979e+00,4.838000000000000078e+00
3.262999999999999901e+00,5.000000000000000000e+00
3.348034482758620367e+00,5.166084291187739375e+00
3.569149425287356348e+00,5.468379310344827715e+00
3.704751724137931301e+00,5.802503448275862397e+00
4.075000000000000178e+00,6.299000000000000377e+00
4.532647509578543676e+00,6.837827586206896235e+00
4.848758620689654464e+00,7.360517241379309183e+00
5.148993103448275654e+00,7.697993103448276031e+00
5.445386206896552395e+00,8.146889655172415701e+00
5.583793103448275730e+00,8.633969348659002563e+00
5.639624137931035008e+00,9.185248275862068823e+00
5.778999999999999915e+00,9.858268965517240190e+00
5.912467432950191615e+00,1.078565517241379190e+01
6.052172413793103445e+00,1.161068965517241480e+01
6.266000000000000014e+00,1.247386551724137860e+01
6.347000000000000419e+00,1.285037586206896520e+01
6.543206896551724050e+00,1.331220689655172329e+01
6.753000000000000114e+00,1.369449655172413749e+01
6.978006896551725013e+00,1.399100689655172403e+01
7.196241379310345465e+00,1.417200000000000060e+01
7.579586206896551381e+00,1.433399999999999963e+01
7.962931034482758186e+00,1.448893103448275888e+01
8.386055172413794168e+00,1.462324827586206943e+01
8.738471264367815294e+00,1.465900000000000070e+01
9.260931034482759117e+00,1.465900000000000070e+01
9.935758620689654208e+00,1.465900000000000070e+01
1.065890038314176103e+01,1.465900000000000070e+01
1.121799999999999997e+01,1.465900000000000070e+01
