1.395999999999999908e+00,1.834000000000000075e+00
1.710525862068965397e+00,1.834000000000000075e+00
2.186922413793103370e+00,1.905396551724137799e+00
2.711758620689654897e+00,1.932758620689655205e+00
3.150926724137931068e+00,1.997000000000000108e+00
3.510241379310345078e+00,1.997000000000000108e+00
4.030844827586206769e+00,1.997000000000000108e+00
4.711431034482759017e+00,1.997000000000000108e+00
5.431314655172413630e+00,1.997000000000000108e+00
6.208541871921182675e+00,2.201694581280788654e+00
7.346241379310345820e+00,2.645999999999999908e+00
8.176642241379310505e+00,3.095642241379310100e+00
8.859784482758621849e+00,3.617905172413793391e+00
9.822745689655173251e+00,4.335745689655172264e+00
1.068772906403940759e+01,5.186364532019703155e+00
1.105499999999999972e+01,5.567999999999999616e+00
1.150883189655172423e+01,6.151254310344826060e+00
1.186909482758620804e+01,6.625120689655172868e+00
1.218517672413793029e+01,6.985357758620690305e+00
1.234562068965517057e+01,7.192000000000000171e+00
1.245415270935960805e+01,7.434999999999999609e+00
1.267900000000000027e+01,7.679000000000000270e+00
1.284099999999999930e+01,8.009284482758619816e+00
1.312606034482758588e+01,8.369547413793103630e+00
1.348581034482758589e+01,8.887620689655173933e+00
1.376507327586206841e+01,9.221000000000000085e+00
1.397700000000000031e+01,9.528241379310344428e+00
1.423147413793103411e+01,9.869999999999999218e+00
1.450973706896551718e+01,1.011400000000000077e+01
1.462700000000000067e+01,1.027599999999999980e+01
