5.839999999999999636e-01,3.133000000000000007e+00
9.654206896551723593e-01,3.514420689655172403e+00
1.290420689655172426e+00,3.839117241379310208e+00
1.565306896551724281e+00,4.110631034482758572e+00
1.946682758620689624e+00,4.382841379310344898e+00
2.349051724137931174e+00,4.512999999999999901e+00
2.702262068965517017e+00,4.763351724137931065e+00
3.171944827586206550e+00,4.954472413793102881e+00
3.697834482758620034e+00,5.290151724137930778e+00
4.500805642633229020e+00,5.659025078369905870e+00
5.353633228840125824e+00,6.009548589341693337e+00
6.157627586206896098e+00,6.366313793103447694e+00
6.955611285266458665e+00,6.718203761755486170e+00
7.723699059561128344e+00,7.067849529780564133e+00
8.343786833855800111e+00,7.418495297805642430e+00
8.994514106583073598e+00,7.695504702194357449e+00
9.639451410658306685e+00,8.126670846394983272e+00
1.021742946708463862e+01,8.544592476489027533e+00
1.075837241379310427e+01,9.248372413793104485e+00
1.110045141065830698e+01,9.591012539184953667e+00
1.120797492163009501e+01,9.779097178683386460e+00
1.146100000000000030e+01,1.003200000000000003e+01
1.166908965517241370e+01,1.024052758620689652e+01
1.185973793103448415e+01,1.051173793103448340e+01
1.213120689655172413e+01,1.076299999999999990e+01
1.261492413793103395e+01,1.134831724137931097e+01
1.299936896551724175e+01,1.181436896551724125e+01
1.327157931034482630e+01,1.211115862068965399e+01
1.346178965517241366e+01,1.235778965517241268e+01
1.357099999999999973e+01,1.246799999999999997e+01
