2.938000000000000167e+00,2.403000000000000025e+00
2.938000000000000167e+00,2.536854111405835610e+00
3.044013262599469360e+00,2.645999999999999908e+00
3.178562334217506447e+00,2.723562334217506375e+00
3.361832891246684163e+00,2.858026525198939183e+00
3.609270557029177873e+00,3.013541114058355674e+00
3.905124668435013380e+00,3.288124668435013387e+00
4.201978779840848333e+00,3.584978779840848784e+00
4.417053050397877989e+00,3.800053050397877996e+00
4.784374005305039645e+00,4.086374005305040136e+00
5.049000000000000377e+00,4.354607427055703361e+00
5.320968169761273181e+00,4.527395225464190709e+00
5.804997347480106207e+00,4.944827586206896441e+00
6.383793103448275552e+00,5.403206896551724370e+00
7.018915119363394517e+00,5.914915119363394425e+00
7.613127320954907518e+00,6.288042440318302617e+00
8.012896551724137950e+00,6.583896551724137680e+00
8.308920424403183347e+00,6.880750663129973077e+00
8.672209549071618895e+00,7.014604774535809106e+00
9.461769230769229821e+00,7.550851458885940559e+00
1.010175331564986756e+01,7.942625994694961555e+00
1.053233421750663190e+01,8.310167108753315546e+00
1.096304244031830244e+01,8.688021220159150459e+00
1.130587533156498559e+01,8.977000000000000313e+00
1.160172944297082154e+01,9.057999999999999829e+00
1.199372413793103398e+01,9.333583554376657432e+00
1.260391777188328888e+01,9.633875331564986766e+00
1.297829177718832838e+01,9.926291777188328780e+00
1.349378514588859446e+01,1.030414588859416369e+01
1.365300000000000047e+01,1.043800000000000061e+01
