1.153000000000000025e+00,2.483999999999999986e+00
1.153000000000000025e+00,2.645999999999999908e+00
1.213051724137931053e+00,2.950051724137931153e+00
1.477000000000000091e+00,3.426034482758620658e+00
1.791176724137931053e+00,3.853043103448275719e+00
2.049241379310345224e+00,4.350999999999999979e+00
2.227202586206896928e+00,4.594000000000000306e+00
2.763431034482758619e+00,5.149853448275862000e+00
3.234758620689655029e+00,5.674168582375478387e+00
3.736732758620689765e+00,6.122732758620689886e+00
4.253758620689656489e+00,6.388379310344827644e+00
4.875465517241378777e+00,6.565392241379310434e+00
5.411879310344827942e+00,6.785999999999999588e+00
5.967495689655172519e+00,7.001418103448275865e+00
6.509999999999999787e+00,7.272999999999999687e+00
7.100344827586207330e+00,7.538482758620689950e+00
7.807999999999999829e+00,8.003000000000000114e+00
8.299715517241379459e+00,8.332189655172413723e+00
9.280534482758621806e+00,9.092926724137932126e+00
9.991620689655171361e+00,9.861620689655170580e+00
1.024399999999999977e+01,1.028263362068965669e+01
1.048700000000000010e+01,1.046624137931034504e+01
1.069636206896551656e+01,1.068200000000000038e+01
1.095479741379310390e+01,1.092500000000000071e+01
1.121375862068965468e+01,1.124162068965517314e+01
1.154199999999999982e+01,1.151564655172413687e+01
1.193093103448275905e+01,1.201296551724137984e+01
1.227299999999999969e+01,1.240757758620689444e+01
1.266380172413793126e+01,1.285798706896551558e+01
1.292200000000000060e+01,1.311700000000000088e+01
