3.911999999999999922e+00,4.674999999999999822e+00
4.228620689655172349e+00,4.991620689655172249e+00
4.804441379310344651e+00,5.324720689655172201e+00
5.049000000000000377e+00,5.523031034482758450e+00
5.364341379310344493e+00,5.640341379310344294e+00
5.652751724137931255e+00,5.812000000000000277e+00
6.077075862068965328e+00,5.965062068965517383e+00
6.483744827586207293e+00,6.082372413793103227e+00
7.068782758620689499e+00,6.217999999999999972e+00
7.511093103448276409e+00,6.407093103448276317e+00
7.790403448275862175e+00,6.687186206896551965e+00
8.132999999999999119e+00,7.001627586206896403e+00
8.214000000000000412e+00,7.255124137931034056e+00
8.397482758620689935e+00,7.699482758620689538e+00
8.701000000000000512e+00,8.210465517241379629e+00
9.062310344827587016e+00,8.869465517241378549e+00
9.351000000000000867e+00,9.362517241379309851e+00
9.432000000000000384e+00,9.644875862068966299e+00
9.512999999999999901e+00,9.843186206896550772e+00
9.692596551724138365e+00,1.014919310344827608e+01
9.837999999999999190e+00,1.070881379310344883e+01
9.928217241379311275e+00,1.101533103448275952e+01
1.008099999999999952e+01,1.143891724137930943e+01
1.025293793103448259e+01,1.191698620689655108e+01
1.040600000000000058e+01,1.235024827586206797e+01
1.049565862068965494e+01,1.263865862068965562e+01
1.064899999999999913e+01,1.291852413793103338e+01
1.073099999999999987e+01,1.311700000000000088e+01
1.073099999999999987e+01,1.324268965517241448e+01
1.081199999999999939e+01,1.335999999999999943e+01
