4.237000000000000099e+00,2.564999999999999947e+00
4.394344827586206925e+00,2.564999999999999947e+00
4.552689655172414085e+00,2.564999999999999947e+00
4.880413793103448583e+00,2.645999999999999908e+00
5.363379310344827289e+00,2.807999999999999829e+00
5.831448275862070041e+00,2.971000000000000085e+00
6.085068965517240969e+00,2.971000000000000085e+00
6.476978448275861666e+00,2.971000000000000085e+00
7.196706896551724242e+00,2.971000000000000085e+00
7.541103448275862320e+00,2.971000000000000085e+00
7.832544061302682437e+00,3.023448275862069323e+00
8.099793103448275744e+00,3.343383141762451771e+00
8.214000000000000412e+00,3.749530172413793494e+00
8.294999999999999929e+00,4.154482758620689609e+00
8.252172413793104511e+00,4.636827586206896612e+00
8.094827586206895020e+00,5.076344827586207309e+00
7.971000000000000085e+00,5.668965517241377761e+00
7.857129310344827644e+00,6.233810344827586114e+00
7.727000000000000313e+00,6.866999999999999993e+00
7.727000000000000313e+00,7.249103448275861616e+00
7.727000000000000313e+00,7.783896551724137858e+00
7.992646551724138071e+00,8.268646551724138760e+00
8.393409482758620754e+00,8.864228448275859762e+00
8.801164750957854110e+00,9.564164750957854011e+00
9.040275862068964940e+00,9.803275862068964841e+00
9.278739463601532123e+00,1.005136015325670407e+01
9.686241379310345678e+00,1.052465517241379267e+01
1.009973563218390602e+01,1.094373563218390721e+01
1.049165517241379320e+01,1.125465517241379310e+01
1.073099999999999987e+01,1.149399999999999977e+01
