3.911999999999999922e+00,2.483999999999999986e+00
3.911999999999999922e+00,2.564999999999999947e+00
3.994000000000000217e+00,2.726999999999999869e+00
4.052034482758620548e+00,2.807999999999999829e+00
4.237000000000000099e+00,3.096379310344827829e+00
4.520724137931035003e+00,3.376999999999999780e+00
4.886000000000000121e+00,3.863999999999999879e+00
5.172827586206896200e+00,4.209413793103448320e+00
5.714758620689655011e+00,4.708724137931033837e+00
6.188103448275861673e+00,5.250206896551723901e+00
6.668896551724138533e+00,5.889896551724138618e+00
7.143793103448275339e+00,6.526793103448275346e+00
7.626137931034483231e+00,7.152030651340996137e+00
8.083965517241377796e+00,7.629662835249042097e+00
8.419827586206896086e+00,8.045827586206895532e+00
8.739172413793104610e+00,8.523988505747126965e+00
9.131517241379309979e+00,9.270034482758619632e+00
9.432000000000000384e+00,9.970862068965518077e+00
9.593999999999999417e+00,1.029120689655172427e+01
9.676551724137931743e+00,1.060100000000000087e+01
9.915896551724138419e+00,1.100289655172413816e+01
1.000000000000000000e+01,1.162248275862069136e+01
1.022232183908045933e+01,1.195932183908045943e+01
1.048700000000000010e+01,1.235667241379310255e+01
1.069078544061302694e+01,1.271255172413793133e+01
1.092962068965517197e+01,1.319024137931034524e+01
1.132196551724137912e+01,1.373093103448275798e+01
1.164153639846743182e+01,1.427131034482758487e+01
1.187223706896551789e+01,1.457799999999999940e+01
1.202899999999999991e+01,1.474000000000000021e+01
