2.370000000000000107e+00,4.674999999999999822e+00
3.073521072796935094e+00,4.742344827586206790e+00
3.884689655172413936e+00,4.838000000000000078e+00
4.398563218390804330e+00,4.838000000000000078e+00
4.858084291187739545e+00,4.838000000000000078e+00
5.304724137931034811e+00,4.918999999999999595e+00
5.777137931034483032e+00,5.080068965517241963e+00
6.236827586206896257e+00,5.310413793103448299e+00
6.777517241379309887e+00,5.836517241379310050e+00
7.237206896551724000e+00,6.458206896551724085e+00
7.565000000000000391e+00,6.973448275862069501e+00
7.819938697318007392e+00,7.446793103448275275e+00
7.971000000000000085e+00,7.758137931034482904e+00
8.214000000000000412e+00,7.987482758620689793e+00
8.428827586206896427e+00,8.269655172413791888e+00
8.649172413793102976e+00,8.519172413793103971e+00
8.864000000000000767e+00,8.749517241379310306e+00
9.027862068965516684e+00,9.061747126436781485e+00
9.176206896551724057e+00,9.382999999999999119e+00
9.325237547892720968e+00,9.682551724137930194e+00
9.473896551724138249e+00,1.003531034482758777e+01
9.541241379310344328e+00,1.027599999999999980e+01
9.675000000000000711e+00,1.053376628352490485e+01
9.756000000000000227e+00,1.068200000000000038e+01
9.837999999999999190e+00,1.084399999999999942e+01
9.892620689655172939e+00,1.100600000000000023e+01
1.004096551724137854e+01,1.133193103448275885e+01
1.027131034482758487e+01,1.168331034482758568e+01
1.041965517241379402e+01,1.192647892720306402e+01
1.048700000000000010e+01,1.222400000000000020e+01
