1.789999999999999925e-01,7.790000000000000258e-01
4.298206896551723943e-01,8.599999999999999867e-01
9.168206896551723828e-01,9.419999999999999485e-01
1.610875862068965381e+00,1.156231034482758657e+00
1.995475862068965212e+00,1.281641379310344719e+00
2.349051724137931174e+00,1.346999999999999975e+00
2.637462068965517048e+00,1.346999999999999975e+00
3.005872413793103437e+00,1.346999999999999975e+00
3.519234482758620608e+00,1.460282758620689680e+00
4.302079310344827157e+00,1.747693103448275886e+00
4.763103448275861851e+00,1.994206896551724340e+00
5.216586206896551836e+00,2.570586206896551040e+00
5.588137931034482975e+00,3.237275862068965893e+00
6.034482758620689502e+00,4.303590038314176525e+00
6.489827586206896370e+00,5.629888888888888054e+00
6.773172413793103530e+00,6.602766283524904800e+00
6.985517241379310072e+00,7.400551724137929277e+00
7.268862068965517231e+00,8.170942528735631427e+00
7.483999999999999986e+00,8.890413793103450146e+00
7.850413793103447446e+00,9.548310344827585894e+00
8.219306896551724861e+00,1.004798620689655486e+01
8.507717241379310735e+00,1.053804827586207082e+01
8.727417241379310298e+00,1.078925517241379239e+01
9.002537931034483520e+00,1.114553793103448243e+01
9.371948275862070687e+00,1.135194827586206934e+01
9.740358620689654856e+00,1.157499999999999929e+01
1.035376896551724180e+01,1.192812413793103410e+01
1.127544137931034207e+01,1.237035862068965386e+01
1.174158965517241349e+01,1.250458965517241339e+01
1.194800000000000040e+01,1.254899999999999949e+01
