4.480999999999999872e+00,4.432000000000000384e+00
4.590210344827585942e+00,4.731768965517241021e+00
5.032520689655172852e+00,5.227317241379310531e+00
5.455000000000000071e+00,5.498731034482758240e+00
5.737941379310345091e+00,5.649000000000000021e+00
6.099251724137931596e+00,5.892999999999999794e+00
6.452462068965517439e+00,6.078462068965516885e+00
6.856982758620690177e+00,6.350672413793103210e+00
7.075968652037617268e+00,6.540984326018808304e+00
7.438193103448275778e+00,6.937386206896551499e+00
7.628403448275862253e+00,7.463210344827587051e+00
7.727000000000000313e+00,8.013613793103449012e+00
7.727000000000000313e+00,8.502848275862069372e+00
7.727000000000000313e+00,8.809134482758620877e+00
7.727000000000000313e+00,9.184689655172414646e+00
7.727000000000000313e+00,9.582034482758620797e+00
7.732865517241378939e+00,9.869999999999999218e+00
7.889999999999999680e+00,1.006649655172413738e+01
7.889999999999999680e+00,1.034638620689655042e+01
7.971000000000000085e+00,1.055441034482758589e+01
8.178806896551725103e+00,1.088980689655172540e+01
8.378015673981192180e+00,1.117001567398119199e+01
8.568327586206896385e+00,1.144168965517241432e+01
8.758537931034483748e+00,1.163253793103448253e+01
9.106999999999999318e+00,1.189899999999999913e+01
9.392058620689654802e+00,1.214411724137930904e+01
9.663268965517241682e+00,1.229326896551724069e+01
1.011416206896551628e+01,1.246799999999999997e+01
1.072702068965517164e+01,1.263000000000000078e+01
1.113599999999999923e+01,1.279199999999999982e+01
