1.395999999999999908e+00,1.590999999999999970e+00
1.495282131661442193e+00,1.609282131661442072e+00
1.963441379310344903e+00,1.793220689655172340e+00
2.593075862068965343e+00,2.138331034482758408e+00
3.017882758620689554e+00,2.401875862068965084e+00
3.298548589341692594e+00,2.564999999999999947e+00
3.624056426332288527e+00,2.645999999999999908e+00
3.940347962382444891e+00,2.863009404388714430e+00
4.382241379310344520e+00,3.124620689655172256e+00
4.837813793103448390e+00,3.560786206896552120e+00
5.246548589341693436e+00,3.863999999999999879e+00
5.805661442006269546e+00,4.458661442006269127e+00
6.257112852664576508e+00,5.226115987460815404e+00
6.671999999999999709e+00,6.005131034482758423e+00
6.996999999999999886e+00,6.927889655172413619e+00
7.158999999999999808e+00,7.485555172413793201e+00
7.310665517241378808e+00,7.982331034482758270e+00
7.411887147335423087e+00,8.417887147335424203e+00
7.673169278996865295e+00,8.950338557993731570e+00
7.854012539184952679e+00,9.428451410658306386e+00
8.041106896551724503e+00,9.940106896551725413e+00
8.222379310344827275e+00,1.027599999999999980e+01
8.403661442006269411e+00,1.054599059561128449e+01
8.628887147335422725e+00,1.085288714733542292e+01
8.828231974921632030e+00,1.121445141065830775e+01
9.027117241379309931e+00,1.157555862068965347e+01
9.351000000000000867e+00,1.191992413793103367e+01
9.634779310344827152e+00,1.214300000000000068e+01
9.900717868338558603e+00,1.244949216300940442e+01
1.016200000000000081e+01,1.271100000000000030e+01
