4.219999999999999862e-01,3.052000000000000046e+00
8.643103448275861744e-01,3.611620689655172356e+00
1.314720689655172414e+00,4.025720689655171824e+00
1.712062068965517270e+00,4.260506896551723877e+00
2.100917241379309797e+00,4.657682758620689256e+00
2.568193103448276116e+00,5.035751724137931262e+00
3.083013793103448474e+00,5.622186206896551575e+00
3.533710344827586169e+00,6.082372413793103227e+00
3.975451724137930576e+00,6.523565517241379119e+00
4.616186206896552235e+00,6.975093103448275933e+00
5.337806896551724911e+00,7.336403448275862438e+00
6.130255172413792586e+00,7.813627586206895792e+00
7.087275862068965537e+00,8.436372413793103320e+00
7.686965517241379331e+00,8.754482758620689253e+00
8.565534482758620172e+00,9.184465517241379828e+00
9.224534482758620868e+00,9.500534482758620669e+00
9.857298850574711224e+00,9.829034482758618907e+00
1.037862758620689618e+01,1.023075172413793155e+01
1.081199999999999939e+01,1.057385517241379347e+01
1.099159655172413785e+01,1.086159655172413707e+01
1.119057241379310419e+01,1.114190689655172406e+01
1.138000000000000078e+01,1.134954827586206960e+01
1.151462758620689542e+01,1.176325517241379259e+01
1.170500000000000007e+01,1.208881379310344784e+01
1.186700000000000088e+01,1.251324827586206823e+01
1.186700000000000088e+01,1.279199999999999982e+01
1.194800000000000040e+01,1.291852413793103338e+01
1.194800000000000040e+01,1.311700000000000088e+01
1.194800000000000040e+01,1.332368965517241399e+01
1.202899999999999991e+01,1.344200000000000017e+01
