2.775999999999999801e+00,4.900000000000000189e-02
2.775999999999999801e+00,2.109999999999999931e-01
2.775999999999999801e+00,4.661724137931034240e-01
2.775999999999999801e+00,6.979999999999999538e-01
2.857000000000000206e+00,9.716767241379309361e-01
2.938000000000000167e+00,1.260064655172413950e+00
3.019000000000000128e+00,1.468452586206896449e+00
3.019000000000000128e+00,1.671999999999999931e+00
3.019000000000000128e+00,1.972261083743842125e+00
3.019000000000000128e+00,2.240000000000000213e+00
3.088982758620689939e+00,2.541258620689656134e+00
3.181999999999999940e+00,2.885083743842363990e+00
3.181999999999999940e+00,3.133000000000000007e+00
3.312477832512314979e+00,3.588477832512315224e+00
3.669000000000000039e+00,4.368806034482758172e+00
3.958168103448276298e+00,5.027581896551724938e+00
4.769477832512312609e+00,6.068955665024629020e+00
5.704310344827586476e+00,6.954310344827586476e+00
6.514389162561577074e+00,7.682916256157636070e+00
7.368629310344825711e+00,8.363612068965515789e+00
8.329224137931037220e+00,9.115965517241379601e+00
9.050738916256158006e+00,9.570044334975369438e+00
9.589610837438423019e+00,1.010516748768472794e+01
1.012254741379310374e+01,1.056106034482758638e+01
1.056799999999999962e+01,1.101200862068965591e+01
1.099564655172413730e+01,1.159664655172413816e+01
1.149691133004926158e+01,1.214300000000000068e+01
1.193682758620689555e+01,1.246799999999999997e+01
1.227299999999999969e+01,1.287299999999999933e+01
1.243500000000000050e+01,1.295500000000000007e+01
