1.802000000000000046e+00,2.483999999999999986e+00
1.802000000000000046e+00,2.578344827586206645e+00
1.883000000000000007e+00,2.767047413793103150e+00
1.963999999999999968e+00,3.213999999999999968e+00
2.171379310344827562e+00,3.620000000000000107e+00
2.343814655172414163e+00,4.135629310344827836e+00
2.520827586206896509e+00,4.501827586206896825e+00
2.608344827586206893e+00,4.750413793103448690e+00
2.865728448275862039e+00,5.179564655172413268e+00
3.365103448275862164e+00,6.016206896551724803e+00
3.888612068965517476e+00,6.790887931034482961e+00
4.443181034482758029e+00,7.192000000000000171e+00
5.020137931034483358e+00,7.701919540229885008e+00
5.437327586206897045e+00,7.985543103448275559e+00
6.096637931034482705e+00,8.645637931034482193e+00
6.593443965517241878e+00,9.060474137931034733e+00
7.193913793103447141e+00,9.627000000000000668e+00
7.785080459770115091e+00,1.009008045977011392e+01
8.251357758620690319e+00,1.071935775862069029e+01
8.701000000000000512e+00,1.122137068965517237e+01
8.923896551724139314e+00,1.147263601532567101e+01
9.188000000000000611e+00,1.173700000000000010e+01
9.437586206896551033e+00,1.214858620689655133e+01
9.593999999999999417e+00,1.247917241379310305e+01
9.837999999999999190e+00,1.281818534482758665e+01
1.008099999999999952e+01,1.315362068965517217e+01
1.041717241379310366e+01,1.369617241379310357e+01
1.073099999999999987e+01,1.413219827586206812e+01
1.089300000000000068e+01,1.448365517241379230e+01
1.113599999999999923e+01,1.474000000000000021e+01
