1.639999999999999902e+00,1.671999999999999931e+00
1.664020689655172358e+00,2.021020689655172564e+00
1.912200626959247529e+00,2.542401253918495030e+00
2.167119122257053387e+00,2.930119122257053288e+00
2.347401253918495634e+00,3.213999999999999968e+00
2.451000000000000068e+00,3.527319749216301314e+00
2.613228840125391805e+00,3.781238244514106839e+00
2.712520376175548531e+00,4.043520376175548492e+00
2.885438871473354538e+00,4.326228840125391883e+00
2.984721003134796380e+00,4.640721003134796518e+00
3.181999999999999940e+00,4.895639498432601933e+00
3.424999999999999822e+00,5.238344827586206343e+00
3.680680250783699314e+00,5.492840125391849959e+00
4.027517241379310775e+00,5.747758620689655373e+00
4.551081504702193747e+00,6.090040752351097098e+00
4.967999999999999972e+00,6.263959247648902995e+00
5.356241379310344719e+00,6.379999999999999893e+00
5.930247648902820856e+00,6.617159874608150361e+00
6.521172413793103750e+00,6.872586206896551531e+00
6.962721003134795694e+00,7.052360501567397577e+00
7.389981191222570800e+00,7.388278996865204284e+00
7.698561128526645980e+00,7.568561128526646087e+00
7.953479623824451394e+00,7.841000000000000192e+00
8.216294670846394865e+00,8.085532915360500894e+00
8.643360501567398657e+00,8.420680250783700416e+00
8.990197492163009230e+00,8.733999999999999986e+00
9.351266457680251776e+00,9.059266457680251960e+00
9.779238244514104395e+00,9.405598746081503592e+00
1.014998965517241380e+01,9.776989655172412697e+00
1.032499999999999929e+01,9.951000000000000512e+00
