4.155999999999999694e+00,1.266000000000000014e+00
4.237000000000000099e+00,1.415176245210727934e+00
4.317999999999999616e+00,1.554689655172413865e+00
4.399000000000000021e+00,1.815452107279693195e+00
4.562000000000000277e+00,2.095379310344827495e+00
4.642999999999999794e+00,2.397659003831417834e+00
4.724000000000000199e+00,2.627068965517241228e+00
4.804999999999999716e+00,2.971000000000000085e+00
4.967999999999999972e+00,3.321076628352490179e+00
5.223103448275862704e+00,3.806356321839080792e+00
5.371448275862069188e+00,4.347877394636015858e+00
5.673793103448275588e+00,5.008379310344826862e+00
6.066137931034482733e+00,5.368137931034483223e+00
6.429000000000000270e+00,5.567999999999999616e+00
6.840911877394635354e+00,5.730999999999999872e+00
7.692777777777778603e+00,5.967172413793103480e+00
8.838534482758618083e+00,6.407931034482758470e+00
9.626586206896551090e+00,6.780724137931033901e+00
1.059220689655172443e+01,7.483413793103448342e+00
1.097555172413793123e+01,8.004551724137931146e+00
1.120574712643678161e+01,8.315896551724138774e+00
1.135424137931034494e+01,8.708241379310345920e+00
1.146100000000000030e+01,9.253586206896551758e+00
1.146100000000000030e+01,9.645931034482758903e+00
1.146100000000000030e+01,1.012455172413793214e+01
1.146100000000000030e+01,1.056602681992337089e+01
1.146100000000000030e+01,1.110654789272030740e+01
1.157831034482758525e+01,1.168393103448275561e+01
1.162299999999999933e+01,1.199465517241379331e+01
1.162299999999999933e+01,1.222400000000000020e+01
