4.562000000000000277e+00,3.620000000000000107e+00
4.886000000000000121e+00,3.863999999999999879e+00
5.180275862068965509e+00,4.076275862068965417e+00
5.600172413793103487e+00,4.350999999999999979e+00
6.042551724137930513e+00,4.775793103448275900e+00
6.725068965517241537e+00,5.089379310344828156e+00
7.228827586206897138e+00,5.394827586206896619e+00
7.903965517241378969e+00,5.920931034482758371e+00
8.132999999999999119e+00,6.338103448275862029e+00
8.132999999999999119e+00,6.671275862068966056e+00
7.807999999999999829e+00,7.451758620689655999e+00
7.612482758620689793e+00,8.022965517241377853e+00
7.343620689655171674e+00,8.770310344827585425e+00
7.158999999999999808e+00,9.632586206896553094e+00
6.996999999999999886e+00,1.049420689655172367e+01
6.916000000000000369e+00,1.119413793103448285e+01
6.916000000000000369e+00,1.157499999999999929e+01
7.100344827586207330e+00,1.192162068965517108e+01
7.402999999999999581e+00,1.214300000000000068e+01
7.565000000000000391e+00,1.245951724137930938e+01
7.971000000000000085e+00,1.272775862068965580e+01
8.255896551724138277e+00,1.291541379310344873e+01
8.525034482758620413e+00,1.302203448275862030e+01
9.106999999999999318e+00,1.320917241379310347e+01
9.585620689655172555e+00,1.344200000000000017e+01
1.006144827586206780e+01,1.360399999999999920e+01
1.041158620689655301e+01,1.360958620689655163e+01
1.059872413793103263e+01,1.376600000000000001e+01
1.078686206896551703e+01,1.376600000000000001e+01
1.097400000000000020e+01,1.384699999999999953e+01
