1.233999999999999986e+00,8.599999999999999867e-01
1.387620689655172379e+00,8.967586206896551726e-01
1.631517241379310201e+00,9.419999999999999485e-01
2.154931034482758356e+00,1.050931034482758486e+00
2.644517241379309880e+00,1.185000000000000053e+00
2.938000000000000167e+00,1.266000000000000014e+00
3.237862068965517093e+00,1.266000000000000014e+00
3.610344827586206673e+00,1.266000000000000014e+00
4.041482758620690063e+00,1.266000000000000014e+00
4.486586206896551410e+00,1.266000000000000014e+00
5.085310344827586704e+00,1.305103448275862332e+00
5.994999999999999218e+00,1.666413793103447949e+00
7.119896551724138156e+00,2.576172413793103910e+00
7.861896551724138149e+00,3.186068965517241391e+00
8.664689655172413296e+00,3.804620689655172416e+00
9.306034482758620996e+00,4.387034482758621401e+00
9.960896551724136572e+00,5.299862068965515149e+00
1.050655172413793004e+01,5.993551724137930137e+00
1.097958620689655262e+01,6.553241379310344783e+00
1.146379310344827474e+01,7.194310344827585801e+00
1.178320689655172515e+01,7.513206896551724689e+00
1.198151724137931140e+01,7.827034482758620904e+00
1.218068965517241331e+01,8.072827586206896555e+00
1.237913793103448157e+01,8.272137931034482250e+00
1.265920689655172460e+01,8.551448275862069792e+00
1.295551724137930982e+01,9.010724137931033439e+00
1.346206896551724164e+01,9.570793103448275829e+00
1.391275862068965452e+01,1.029275862068965353e+01
1.443606896551724006e+01,1.089706896551724036e+01
1.470800000000000018e+01,1.116900000000000048e+01
