3.830999999999999961e+00,3.213999999999999968e+00
3.916398467432950170e+00,3.466689655172413786e+00
4.236689655172414248e+00,3.863685823754789084e+00
4.485034482758620378e+00,4.111034482758620712e+00
4.804379310344827125e+00,4.350371647509578388e+00
5.222218390804598265e+00,4.763494252873563539e+00
6.021126436781608859e+00,5.404137931034482811e+00
6.513413793103447702e+00,5.737827586206896591e+00
6.832758620689654450e+00,6.053758620689654535e+00
7.246245210727969344e+00,6.383103448275861957e+00
7.642896551724138732e+00,6.621448275862069188e+00
8.214000000000000412e+00,6.788793103448274913e+00
8.780137931034483145e+00,7.028999999999999915e+00
9.601478927203064728e+00,7.437482758620689083e+00
1.032062835249042010e+01,7.679000000000000270e+00
1.089517241379310342e+01,8.003000000000000114e+00
1.129651724137930913e+01,8.163486590038314006e+00
1.186886206896551776e+01,8.572885057471264503e+00
1.219200000000000017e+01,8.814999999999999503e+00
1.235399999999999920e+01,9.059570881226052919e+00
1.243189655172413843e+01,9.298896551724137538e+00
1.251600000000000001e+01,9.465241379310345593e+00
1.251600000000000001e+01,9.704586206896552270e+00
1.267900000000000027e+01,1.003200000000000003e+01
1.284099999999999930e+01,1.043427586206896684e+01
1.300300000000000011e+01,1.076362068965517160e+01
1.308399999999999963e+01,1.100196551724137883e+01
1.324699999999999989e+01,1.133131034482758537e+01
1.332799999999999940e+01,1.157065517241379204e+01
1.340900000000000070e+01,1.173700000000000010e+01
