1.314999999999999947e+00,3.458000000000000185e+00
1.505210344827586200e+00,3.567210344827586255e+00
1.971262068965517367e+00,3.701000000000000068e+00
2.458306896551724297e+00,3.948631034482758650e+00
2.969841379310345086e+00,4.301234482758620636e+00
3.181999999999999940e+00,4.552103448275862441e+00
3.676262068965517216e+00,4.918999999999999595e+00
4.018855172413792864e+00,5.116472413793103691e+00
4.527151724137930877e+00,5.388682758620689128e+00
4.925733542319750136e+00,5.841708463949843555e+00
5.642645768025078112e+00,6.370097178683385764e+00
6.319627586206896908e+00,6.920627586206895998e+00
7.010203761755485985e+00,7.529203761755486113e+00
7.642699059561128827e+00,7.999699059561128145e+00
8.116495297805641940e+00,8.537990595611285372e+00
8.572009404388714060e+00,9.010213166144200869e+00
8.906150470219435178e+00,9.425150470219435306e+00
9.174796238244514512e+00,9.843592476489027021e+00
9.512999999999999901e+00,1.019500000000000028e+01
9.720451410658307978e+00,1.044790282131661385e+01
9.990097178683386758e+00,1.076299999999999990e+01
1.009831724137931097e+01,1.102353103448275817e+01
1.028952758620689600e+01,1.129552758620689623e+01
1.047973793103448337e+01,1.156773793103448256e+01
1.069115517241379365e+01,1.192020689655172383e+01
1.097400000000000020e+01,1.237208275862068874e+01
1.121432413793103500e+01,1.278473793103448308e+01
1.134815862068965409e+01,1.306057931034482777e+01
1.167644137931034365e+01,1.333178965517241288e+01
1.186700000000000088e+01,1.368500000000000050e+01
