3.100999999999999979e+00,3.052000000000000046e+00
3.366743842364531947e+00,3.347512315270935623e+00
3.935024630541871904e+00,3.805024630541872011e+00
4.075000000000000178e+00,4.101413793103448668e+00
4.530926724137930961e+00,4.562926724137930989e+00
5.073439655172413687e+00,4.943439655172413794e+00
5.534802955665024449e+00,5.243999999999999773e+00
5.911300492610837232e+00,5.487000000000000099e+00
6.612546798029556250e+00,5.730999999999999872e+00
7.305837438423645303e+00,5.885418719211823024e+00
8.059581280788178148e+00,5.892999999999999794e+00
8.975325123152709139e+00,6.136000000000000121e+00
9.581780172413791874e+00,6.367780172413793238e+00
1.012429310344827549e+01,6.547586206896552241e+00
1.066702586206896441e+01,6.884806034482758186e+00
1.093838793103448381e+01,7.173974137931034889e+00
1.121799999999999997e+01,7.391706896551723638e+00
1.139221982758620832e+01,7.679000000000000270e+00
1.154199999999999982e+01,7.825837438423645764e+00
1.157870935960591119e+01,8.121162561576353411e+00
1.162299999999999933e+01,8.490000000000000213e+00
1.170500000000000007e+01,8.793453201970443445e+00
1.178599999999999959e+01,9.007325123152709168e+00
1.178599999999999959e+01,9.222197044334976113e+00
1.194800000000000040e+01,9.788999999999999702e+00
1.194800000000000040e+01,1.014507327586206920e+01
1.202899999999999991e+01,1.051900000000000013e+01
1.202899999999999991e+01,1.090225615763546685e+01
1.202899999999999991e+01,1.111712807881773379e+01
1.210999999999999943e+01,1.133099999999999952e+01
