3.424999999999999822e+00,3.944999999999999840e+00
3.542789968652037658e+00,4.125282131661442087e+00
3.750000000000000000e+00,4.472220689655172166e+00
3.994000000000000217e+00,4.735331034482758383e+00
4.236441379310345035e+00,5.000000000000000000e+00
4.416993730407523522e+00,5.261774294670845897e+00
4.642999999999999794e+00,5.442056426332288588e+00
4.886000000000000121e+00,5.704009404388714621e+00
5.040620689655172626e+00,5.957241379310344698e+00
5.638786206896551967e+00,6.471893103448276285e+00
6.292084639498432885e+00,7.019097178683385785e+00
6.779661442006268857e+00,7.488830721003134627e+00
7.303225705329153605e+00,8.139228840125392495e+00
7.656334482758620830e+00,8.673668965517242313e+00
8.001444827586206898e+00,9.362889655172413228e+00
8.315734482758621482e+00,9.940665517241379590e+00
8.761331034482758184e+00,1.080253448275861849e+01
9.196887147335424118e+00,1.133988714733542302e+01
9.432000000000000384e+00,1.160216927899686468e+01
9.512999999999999901e+00,1.182790282131661286e+01
9.675000000000000711e+00,1.220221379310345000e+01
1.000000000000000000e+01,1.255737931034482813e+01
1.032499999999999929e+01,1.273766144200626904e+01
1.056799999999999962e+01,1.295500000000000007e+01
1.087522570532915367e+01,1.311700000000000088e+01
1.105612413793103421e+01,1.327955862068965409e+01
1.178767586206896567e+01,1.356433793103448338e+01
1.263884137931034246e+01,1.392900000000000027e+01
1.314749216300940482e+01,1.409099999999999930e+01
1.349000000000000021e+01,1.417200000000000060e+01
