1.600000000000000033e-02,1.590999999999999970e+00
7.283218390804595543e-01,1.590999999999999970e+00
1.692954022988505614e+00,1.824689655172413882e+00
2.356034482758620818e+00,1.997000000000000108e+00
2.836051724137930830e+00,2.158999999999999808e+00
3.398814655172413879e+00,2.321000000000000174e+00
4.038068965517241260e+00,2.528068965517241473e+00
4.842727969348659123e+00,2.807999999999999829e+00
5.767517241379310100e+00,3.167758620689654858e+00
6.681310344827586789e+00,3.680206896551724505e+00
7.615896551724138597e+00,4.320210727969349129e+00
8.255842911877394386e+00,5.062636015325669980e+00
8.814475095785441638e+00,5.860413793103449009e+00
9.362482758620689793e+00,6.716482758620689886e+00
9.519827586206895731e+00,7.035827586206896633e+00
9.749172413793104397e+00,7.583344827586207870e+00
1.000000000000000000e+01,8.142892720306512899e+00
1.016200000000000081e+01,8.636662835249042658e+00
1.038520689655172546e+01,9.118950191570881714e+00
1.048700000000000010e+01,9.656789272030650295e+00
1.064899999999999913e+01,1.000189655172413872e+01
1.073099999999999987e+01,1.040324137931034443e+01
1.073099999999999987e+01,1.072358620689655062e+01
1.073099999999999987e+01,1.096193103448275963e+01
1.089300000000000068e+01,1.119518534482758731e+01
1.089300000000000068e+01,1.145415517241379177e+01
1.089300000000000068e+01,1.166996551724137987e+01
1.090231034482758687e+01,1.190842528735632122e+01
1.097400000000000020e+01,1.222400000000000020e+01
1.097400000000000020e+01,1.238599999999999923e+01
