2.208000000000000185e+00,4.918999999999999595e+00
2.649409961685823767e+00,5.000000000000000000e+00
3.324758620689654887e+00,5.116689655172414142e+00
3.776068965517241249e+00,5.161999999999999922e+00
4.370137931034482115e+00,5.243999999999999773e+00
4.984049808429118933e+00,5.373724137931034761e+00
5.562068965517241281e+00,5.405999999999999694e+00
6.269413793103447929e+00,5.652455938697317883e+00
6.877279693486589629e+00,6.035758620689654741e+00
7.279103448275861865e+00,6.662586206896551566e+00
7.483999999999999986e+00,7.126651340996168926e+00
7.565000000000000391e+00,7.510413793103448477e+00
7.727000000000000313e+00,7.951048275862069303e+00
7.761634482758620557e+00,8.316268965517242151e+00
7.971000000000000085e+00,8.748244827586207251e+00
8.051999999999999602e+00,9.125579310344829054e+00
8.214000000000000412e+00,9.301999999999999602e+00
8.321296551724138624e+00,9.571296551724138624e+00
8.382586206896553094e+00,9.788999999999999702e+00
8.538999999999999702e+00,9.999103448275860728e+00
8.619999999999999218e+00,1.007441379310344942e+01
8.782000000000000028e+00,1.027599999999999980e+01
8.945000000000000284e+00,1.035699999999999932e+01
9.080931034482757624e+00,1.043800000000000061e+01
9.301674329501915750e+00,1.055167432950191575e+01
9.684620689655172754e+00,1.084399999999999942e+01
1.005493103448275782e+01,1.106177011494252760e+01
1.045131034482758636e+01,1.121431034482758626e+01
1.107765517241379172e+01,1.143493486590038266e+01
1.129899999999999949e+01,1.149399999999999977e+01
