3.019000000000000128e+00,3.944999999999999840e+00
3.231344827586206669e+00,3.944999999999999840e+00
3.424999999999999822e+00,3.944999999999999840e+00
3.789662068965517161e+00,3.944999999999999840e+00
4.289758620689655189e+00,4.025999999999999801e+00
4.876503448275862240e+00,4.025999999999999801e+00
5.694648275862069120e+00,4.107000000000000206e+00
6.613344827586207231e+00,4.118172413793103281e+00
7.326434482758619637e+00,4.187999999999999723e+00
8.196570881226053373e+00,4.269000000000000128e+00
9.156344827586208268e+00,4.421448275862069899e+00
1.015125862068965468e+01,4.674999999999999822e+00
1.132469655172413781e+01,5.093927586206897118e+00
1.204966896551724176e+01,5.456834482758620375e+00
1.243500000000000050e+01,5.827827586206896449e+00
1.266297701149425237e+01,6.120172413793103949e+00
1.295216551724137943e+01,6.521331034482757971e+00
1.307757586206896505e+01,6.860575862068965414e+00
1.333917241379310425e+01,7.446172413793103573e+00
1.373399999999999999e+01,8.024233716475094980e+00
1.389600000000000080e+01,8.468896551724139243e+00
1.405799999999999983e+01,8.840417241379309843e+00
1.420982758620689701e+01,9.209827586206897010e+00
1.430199999999999960e+01,9.586848275862069002e+00
1.438299999999999912e+01,9.951000000000000512e+00
1.438299999999999912e+01,1.030424137931034423e+01
1.446400000000000041e+01,1.051900000000000013e+01
1.446400000000000041e+01,1.082807931034482607e+01
1.446400000000000041e+01,1.128165517241379234e+01
1.454499999999999993e+01,1.157499999999999929e+01
