3.100999999999999979e+00,7.790000000000000258e-01
3.100999999999999979e+00,8.599999999999999867e-01
3.135315270935960630e+00,1.022999999999999909e+00
3.181999999999999940e+00,1.185000000000000053e+00
3.262999999999999901e+00,1.418043103448275666e+00
3.343999999999999861e+00,1.671999999999999931e+00
3.424999999999999822e+00,1.915999999999999925e+00
3.505999999999999783e+00,2.077999999999999847e+00
3.505999999999999783e+00,2.321000000000000174e+00
3.665408866995074177e+00,2.684704433497536957e+00
3.852147783251231417e+00,3.154147783251231463e+00
3.994000000000000217e+00,3.451017241379310097e+00
4.130463054187192284e+00,3.838147783251231626e+00
4.432577586206896569e+00,4.579336206896551964e+00
4.813778325123152513e+00,5.432334975369457197e+00
5.509556650246305587e+00,6.976221674876848411e+00
5.860000000000000320e+00,7.807831896551723716e+00
6.184999999999999609e+00,8.327999999999999403e+00
6.354068965517241985e+00,8.740982758620690518e+00
6.569852216748768292e+00,9.199852216748768186e+00
7.039295566502463686e+00,9.912295566502463018e+00
7.334330049261083673e+00,1.046449753694581375e+01
7.637221674876846222e+00,1.091622167487684614e+01
8.022672413793102919e+00,1.146431034482758626e+01
8.436852216748770061e+00,1.201092610837438457e+01
8.782000000000000028e+00,1.239695689655172295e+01
9.090241379310343817e+00,1.292127586206896517e+01
9.525369458128077227e+00,1.329136945812807724e+01
9.855556650246304784e+00,1.368500000000000050e+01
1.008099999999999952e+01,1.392900000000000027e+01
