3.994000000000000217e+00,1.266000000000000014e+00
3.940558620689655012e+00,1.294210344827586123e+00
4.058520689655172653e+00,1.429000000000000048e+00
4.086731034482758318e+00,1.764731034482758476e+00
4.276941379310344793e+00,2.157882758620689678e+00
4.399000000000000021e+00,2.798503448275862393e+00
4.585462068965517446e+00,3.447386206896551730e+00
4.827344827586206755e+00,3.996672413793103118e+00
5.128984326018808382e+00,4.590952978056425771e+00
5.443820689655172629e+00,5.197627586206896133e+00
5.824806896551725011e+00,5.921210344827587235e+00
6.206227586206895630e+00,6.736841379310344102e+00
6.603848275862069350e+00,7.528848275862069173e+00
7.066268965517241263e+00,7.997134482758620599e+00
7.528689655172413175e+00,8.593620689655171674e+00
8.007310344827585524e+00,9.035655172413793679e+00
8.458000000000000185e+00,9.388865517241377745e+00
8.735075862068965691e+00,9.532572413793102939e+00
9.025999999999999801e+00,9.708000000000000185e+00
9.223410344827586371e+00,9.887596551724136873e+00
9.558806896551724108e+00,1.015980689655172498e+01
1.008099999999999952e+01,1.051900000000000013e+01
1.027332758620689646e+01,1.068200000000000038e+01
1.070724827586206906e+01,1.092500000000000071e+01
1.105974827586206821e+01,1.100600000000000023e+01
1.154311724137930995e+01,1.108799999999999919e+01
1.200553793103448186e+01,1.108799999999999919e+01
1.256564137931034431e+01,1.108799999999999919e+01
1.335257931034482759e+01,1.108799999999999919e+01
1.373399999999999999e+01,1.108799999999999919e+01
