3.410000000000000253e-01,2.077999999999999847e+00
4.219999999999999862e-01,2.174012931034482676e+00
5.839999999999999636e-01,2.403000000000000025e+00
6.660000000000000364e-01,2.701163793103448008e+00
7.469999999999999973e-01,2.970301724137931032e+00
1.070999999999999952e+00,3.228314655172413783e+00
1.354452586206896347e+00,3.617905172413792947e+00
1.694465517241379171e+00,3.944999999999999840e+00
2.044999999999999929e+00,4.269000000000000128e+00
2.573017241379310871e+00,4.783400862068965864e+00
3.737896551724138483e+00,5.278448275862069217e+00
4.777068965517240251e+00,5.405999999999999694e+00
5.754560344827586604e+00,5.405999999999999694e+00
6.616836206896551609e+00,5.312081896551724469e+00
7.405137931034482257e+00,5.081000000000000405e+00
8.536206896551725265e+00,5.000000000000000000e+00
9.867168103448273442e+00,5.068081896551723808e+00
1.102303017241379202e+01,5.256219827586206428e+00
1.211103448275862071e+01,5.595232758620690028e+00
1.289965517241379089e+01,5.986103448275860828e+00
1.380138362068965563e+01,7.001767241379312168e+00
1.397700000000000031e+01,7.274396551724137794e+00
1.405799999999999983e+01,7.679000000000000270e+00
1.410006034482758608e+01,7.963547413793103047e+00
1.422100000000000009e+01,8.475685344827587286e+00
1.430199999999999960e+01,8.977698275862069366e+00
1.430199999999999960e+01,9.408836206896550536e+00
1.442384913793103429e+01,9.951698275862067788e+00
1.454499999999999993e+01,1.050398706896551637e+01
1.462700000000000067e+01,1.076299999999999990e+01
