4.886000000000000121e+00,1.997000000000000108e+00
5.004310344827586299e+00,1.997000000000000108e+00
5.049000000000000377e+00,1.997000000000000108e+00
5.247031034482758649e+00,2.158999999999999808e+00
5.527341379310344749e+00,2.312341379310344891e+00
5.814751724137931177e+00,2.438751724137931287e+00
6.014062068965516872e+00,2.564999999999999947e+00
6.374710344827586361e+00,2.754372413793103380e+00
6.824782758620688838e+00,2.961782758620689737e+00
7.430093103448276004e+00,3.133000000000000007e+00
7.872186206896551575e+00,3.294999999999999929e+00
8.403813793103449115e+00,3.484813793103448187e+00
8.828027586206896871e+00,3.828027586206896427e+00
8.945000000000000284e+00,4.025999999999999801e+00
9.007844827586206193e+00,4.332620689655172441e+00
9.025999999999999801e+00,4.892465517241380013e+00
9.025999999999999801e+00,5.527034482758619305e+00
9.025999999999999801e+00,6.352627586206896382e+00
9.025999999999999801e+00,6.975372413793103910e+00
9.025999999999999801e+00,7.516000000000000014e+00
9.025999999999999801e+00,7.759999999999999787e+00
9.025999999999999801e+00,8.346434482758620987e+00
9.025999999999999801e+00,8.975882758620688406e+00
9.106999999999999318e+00,9.635937931034483483e+00
9.233248275862068866e+00,1.004205517241379475e+01
9.359658620689655706e+00,1.045542413793103442e+01
9.638968965517241472e+00,1.101549310344827504e+01
9.675279310344826911e+00,1.149483793103448015e+01
9.927379310344827346e+00,1.206199999999999939e+01
1.008099999999999952e+01,1.230499999999999972e+01
