5.839999999999999636e-01,3.782000000000000028e+00
6.521762452107280339e-01,3.944999999999999840e+00
7.196896551724137892e-01,4.107000000000000206e+00
7.469999999999999973e-01,4.349563218390804842e+00
9.090000000000000302e-01,4.620379310344827850e+00
1.083881226053639901e+00,4.944448275862068698e+00
1.314068965517241505e+00,5.486068965517241658e+00
1.477000000000000091e+00,5.959413793103448320e+00
1.639999999999999902e+00,6.270758620689655061e+00
2.042689655172413854e+00,6.822310344827586803e+00
2.745896551724138046e+00,7.755344827586207579e+00
3.367586206896551193e+00,8.513731800766283442e+00
3.990252873563219005e+00,9.054275862068966063e+00
4.530773946360153737e+00,9.513965517241379288e+00
5.100827586206896136e+00,1.005529501915708934e+01
5.616999999999999993e+00,1.043800000000000061e+01
6.200517241379309930e+00,1.077851724137931022e+01
6.430862068965517153e+00,1.100600000000000023e+01
6.810413793103448299e+00,1.123820689655172522e+01
7.133551724137930705e+00,1.141200000000000081e+01
7.483999999999999986e+00,1.157499999999999929e+01
7.674241379310345224e+00,1.168424137931034501e+01
8.000172413793102066e+00,1.175158620689655109e+01
8.459862068965517068e+00,1.189994252873563063e+01
8.932275862068966177e+00,1.214300000000000068e+01
9.486620689655172356e+00,1.222400000000000020e+01
9.919931034482758037e+00,1.222400000000000020e+01
1.056926819923371497e+01,1.222400000000000020e+01
1.150213409961685684e+01,1.222400000000000020e+01
1.227299999999999969e+01,1.222400000000000020e+01
