9.899999999999999911e-01,1.590999999999999970e+00
9.899999999999999911e-01,1.712300492610837388e+00
9.899999999999999911e-01,1.915999999999999925e+00
9.090000000000000302e-01,2.111051724137930741e+00
9.090000000000000302e-01,2.402057471264367638e+00
9.090000000000000302e-01,2.726999999999999869e+00
9.899999999999999911e-01,2.971000000000000085e+00
1.070999999999999952e+00,3.246120689655172420e+00
1.070999999999999952e+00,3.525832512315270950e+00
1.153000000000000025e+00,3.895655172413793110e+00
1.153000000000000025e+00,4.400149425287358085e+00
1.233999999999999986e+00,4.783064039408866819e+00
1.444413793103448640e+00,5.438120689655173479e+00
1.819224137931034546e+00,5.910224137931034072e+00
2.126999999999999780e+00,6.054999999999999716e+00
2.548965517241379430e+00,6.217999999999999972e+00
3.779327586206894463e+00,6.443775862068965132e+00
4.821293103448275552e+00,6.558293103448275652e+00
5.996733990147784077e+00,6.840266009852216555e+00
7.434655172413791924e+00,7.110000000000000320e+00
8.182344827586208069e+00,7.354000000000000092e+00
8.877167487684729963e+00,7.692167487684729466e+00
9.416241379310342552e+00,8.019758620689653839e+00
1.016200000000000081e+01,8.421768472906403957e+00
1.045441379310344843e+01,8.620011494252874940e+00
1.073193103448275743e+01,8.977931034482757866e+00
1.110294827586206878e+01,9.430948275862068186e+00
1.186746551724137966e+01,1.019593103448275606e+01
1.223269950738916201e+01,1.068239901477832454e+01
1.259699999999999953e+01,1.100600000000000023e+01
