4.886000000000000121e+00,5.000000000000000000e+00
4.986282131661441852e+00,5.081000000000000405e+00
5.089220689655172158e+00,5.243999999999999773e+00
5.211000000000000298e+00,5.385331034482758739e+00
5.291441379310344750e+00,5.567441379310344551e+00
5.390993730407523721e+00,5.812000000000000277e+00
5.535999999999999588e+00,6.010056426332288204e+00
5.644677115987460247e+00,6.191009404388714721e+00
5.851620689655172569e+00,6.452620689655172548e+00
6.125786206896552066e+00,6.796893103448275575e+00
6.301548589341693152e+00,6.948000000000000398e+00
6.482830721003134400e+00,7.110000000000000320e+00
6.663112852664576202e+00,7.255115987460815319e+00
6.844462068965516899e+00,7.364334482758621014e+00
7.108444827586207104e+00,7.597000000000000419e+00
7.402999999999999581e+00,7.729555172413792974e+00
7.716665517241379391e+00,7.830665517241379270e+00
7.898887147335423187e+00,7.930887147335423215e+00
8.160169278996864506e+00,8.083999999999999631e+00
8.467902821316613426e+00,8.292451410658307154e+00
8.842079310344828968e+00,8.549213793103449532e+00
9.115379310344827957e+00,8.823379310344828141e+00
9.458661442006269127e+00,9.140000000000000568e+00
9.765442006269593023e+00,9.391887147335422625e+00
1.000000000000000000e+01,9.609006269592477167e+00
1.024455862068965395e+01,9.789558620689653878e+00
1.044733793103448249e+01,9.911337931034482907e+00
1.069028275862068789e+01,1.027655862068965398e+01
1.087471786833855880e+01,1.043800000000000061e+01
1.105499999999999972e+01,1.068200000000000038e+01
