3.410000000000000253e-01,2.919999999999999818e-01
4.219999999999999862e-01,4.994103448275862278e-01
5.839999999999999636e-01,6.974413793103446668e-01
9.531310344827585990e-01,1.192262068965517230e+00
1.817082758620689464e+00,2.255175862068965476e+00
2.418724137931034690e+00,2.938724137931034708e+00
2.694999999999999840e+00,3.302351724137931210e+00
2.989672413793103445e+00,3.671672413793103384e+00
3.359517241379309738e+00,4.114758620689655366e+00
4.066813793103448482e+00,4.534786206896551874e+00
4.783396551724138135e+00,5.191789655172414086e+00
5.544080459770114544e+00,5.682287356321838345e+00
6.458048275862069865e+00,6.328048275862069971e+00
7.114868965517240795e+00,6.984868965517240902e+00
7.875310344827585851e+00,7.583310344827586036e+00
8.552965517241378990e+00,8.341965517241380468e+00
9.395131034482758992e+00,9.368196551724135901e+00
9.726951724137931521e+00,9.774475862068964460e+00
9.837999999999999190e+00,1.005650574712643675e+01
1.000000000000000000e+01,1.034219655172413610e+01
1.019197241379310448e+01,1.063060689655172553e+01
1.039824137931034542e+01,1.091724137931034555e+01
1.056799999999999962e+01,1.122765517241379207e+01
1.073099999999999987e+01,1.149399999999999977e+01
1.092527586206896650e+01,1.185027586206896544e+01
1.105499999999999972e+01,1.221645862068965549e+01
1.133586896551724088e+01,1.294719310344827612e+01
1.146100000000000030e+01,1.319855862068965457e+01
1.157858965517241323e+01,1.352299999999999969e+01
1.162299999999999933e+01,1.384699999999999953e+01
