6.660000000000000364e-01,3.944999999999999840e+00
8.323448275862068702e-01,4.111344827586207451e+00
9.896896551724136959e-01,4.269000000000000128e+00
1.157034482758620753e+00,4.517034482758620406e+00
1.314999999999999947e+00,4.755379310344827637e+00
1.480724137931034745e+00,5.003724137931034655e+00
1.720068965517241644e+00,5.243057471264367386e+00
1.883000000000000007e+00,5.571413793103447532e+00
2.125743295019156598e+00,5.891758620689654613e+00
2.451000000000000068e+00,6.305206896551724505e+00
2.853896551724139030e+00,7.025896551724138739e+00
3.346793103448275630e+00,7.599827586206896690e+00
3.667137931034482712e+00,8.001137931034483231e+00
3.994000000000000217e+00,8.330482758620689765e+00
4.557628352490421086e+00,8.972655172413793068e+00
4.890371647509579311e+00,9.387344827586206364e+00
5.368034482758620385e+00,9.865034482758618495e+00
5.865609195402298859e+00,1.036260919540229786e+01
6.507206896551724462e+00,1.100320689655172401e+01
7.079551724137930435e+00,1.141357088122605390e+01
7.399858237547893403e+00,1.157189655172413723e+01
7.647241379310345089e+00,1.181924137931034480e+01
7.889999999999999680e+00,1.198099999999999987e+01
8.459862068965517068e+00,1.222493103448275953e+01
8.864000000000000767e+00,1.246422988505747220e+01
9.270249042145593421e+00,1.263124137931034419e+01
1.014586206896551701e+01,1.303196551724137819e+01
1.089331034482758653e+01,1.335999999999999943e+01
1.121360153256704884e+01,1.352299999999999969e+01
1.146100000000000030e+01,1.360399999999999920e+01
