2.126999999999999780e+00,1.671999999999999931e+00
2.289000000000000146e+00,1.893065134099616742e+00
2.613999999999999879e+00,2.284689655172413847e+00
2.879034482758620950e+00,2.587034482758620690e+00
2.938000000000000167e+00,2.807441379310344765e+00
3.086547892720306496e+00,3.118724137931034868e+00
3.388068965517241349e+00,3.789681992337164740e+00
3.771413793103448153e+00,4.496241379310344399e+00
4.082758620689655338e+00,5.169854406130268032e+00
4.303103448275861886e+00,5.487000000000000099e+00
4.528203448275862186e+00,5.906406896551724905e+00
5.057379310344827239e+00,6.742540229885056746e+00
5.874363984674330297e+00,7.774275862068965814e+00
6.778137931034482477e+00,8.839965517241379800e+00
7.535827586206896633e+00,9.568295019157087467e+00
8.110344827586207117e+00,1.017234482758620828e+01
8.633965517241378507e+00,1.070993103448275718e+01
8.937862068965516826e+00,1.108077394636015178e+01
9.402206896551724924e+00,1.146383908045977051e+01
9.952796551724137686e+00,1.196701034482758530e+01
1.032499999999999929e+01,1.240108045977011564e+01
1.047924137931034494e+01,1.254899999999999949e+01
1.073099999999999987e+01,1.279199999999999982e+01
1.101093103448275912e+01,1.303599999999999959e+01
1.123227586206896511e+01,1.319800000000000040e+01
1.162412413793103383e+01,1.336056551724137798e+01
1.225096551724137939e+01,1.350096551724137939e+01
1.299462068965517147e+01,1.368500000000000050e+01
1.351265517241379222e+01,1.376600000000000001e+01
1.373399999999999999e+01,1.384699999999999953e+01
