4.075000000000000178e+00,3.729999999999999982e-01
3.994000000000000217e+00,5.560172413793103008e-01
3.994000000000000217e+00,6.979999999999999538e-01
3.994000000000000217e+00,9.419999999999999485e-01
3.994000000000000217e+00,1.185000000000000053e+00
3.994000000000000217e+00,1.461586206896551943e+00
3.994000000000000217e+00,1.858856321839080339e+00
3.994000000000000217e+00,2.306635467980295395e+00
3.994000000000000217e+00,2.750419540229884330e+00
4.075000000000000178e+00,3.493113300492611373e+00
4.155999999999999694e+00,4.384321839080461913e+00
4.402635467980295481e+00,5.172817733990147104e+00
4.853712643678161243e+00,6.266413793103448704e+00
5.522044334975369395e+00,7.146522167487684207e+00
6.318270935960590862e+00,8.122729064039408087e+00
6.916000000000000369e+00,8.748364532019705209e+00
7.547044334975367974e+00,9.558955665024628345e+00
8.189793103448275602e+00,1.063328735632183886e+01
8.619999999999999218e+00,1.092140886699507440e+01
9.219850574712642910e+00,1.150982758620689594e+01
9.717295566502464510e+00,1.181799999999999962e+01
9.919000000000000483e+00,1.205036206896551754e+01
1.024399999999999977e+01,1.231218226600985055e+01
1.056799999999999962e+01,1.254899999999999949e+01
1.081199999999999939e+01,1.275941379310344814e+01
1.120709359605911182e+01,1.310622660098522196e+01
1.147895566502463005e+01,1.327899999999999991e+01
1.186700000000000088e+01,1.352299999999999969e+01
1.208998275862068894e+01,1.374598275862068952e+01
1.251600000000000001e+01,1.417200000000000060e+01
