1.600000000000000033e-02,2.645999999999999908e+00
1.600000000000000033e-02,2.726999999999999869e+00
9.700000000000000289e-02,2.807999999999999829e+00
3.305258620689655591e-01,3.041525862068965580e+00
8.000689655172411596e-01,3.578103448275861798e+00
1.279815047021944041e+00,3.921495297805642988e+00
1.624319749216300846e+00,4.269000000000000128e+00
1.925404388714733184e+00,4.574702194357366913e+00
2.348818965517241342e+00,4.838000000000000078e+00
2.807655172413793476e+00,5.137327586206896335e+00
3.368672413793103892e+00,5.405999999999999694e+00
4.060643678160919201e+00,5.698954022988505841e+00
4.826979885057471442e+00,6.100853448275862512e+00
5.512210031347962058e+00,6.345213166144200834e+00
6.069213166144200144e+00,6.584404388714733436e+00
6.544786833855799735e+00,6.824595611285266372e+00
6.938789968652036677e+00,7.099003134796237902e+00
7.426873563218390650e+00,7.343293103448274906e+00
7.758655172413793544e+00,7.466655172413792840e+00
8.027327586206896015e+00,7.679000000000000270e+00
8.694321839080460634e+00,8.077321839080459753e+00
9.251804597701150712e+00,8.451362068965517338e+00
9.632595611285266202e+00,8.753297805642633378e+00
9.934489028213166151e+00,8.911489028213166463e+00
1.024399999999999977e+01,9.140000000000000568e+00
1.050096551724137939e+01,9.382999999999999119e+00
1.092442241379310452e+01,9.728948275862068229e+00
1.138698275862068954e+01,9.957982758620689268e+00
1.162299999999999933e+01,1.011749137931034603e+01
1.170500000000000007e+01,1.027599999999999980e+01
