1.600000000000000033e-02,4.432000000000000384e+00
4.173448275862068346e-01,4.990689655172413808e+00
7.376896551724136941e-01,5.325000000000000178e+00
8.950344827586207419e-01,5.554034482758620328e+00
1.191844827586206579e+00,5.791051724137931345e+00
1.450814655172413925e+00,6.028814655172413772e+00
1.765068965517241351e+00,6.343068965517241864e+00
2.126999999999999780e+00,6.705000000000000071e+00
2.567187739463601126e+00,7.028999999999999915e+00
3.242206896551724338e+00,7.546103448275862213e+00
4.044896551724137979e+00,8.028448275862068328e+00
4.846842911877393689e+00,8.327999999999999403e+00
5.487275862068965893e+00,8.570999999999999730e+00
6.219590038314176006e+00,8.826482758620690205e+00
6.922827586206897088e+00,9.146827586206896399e+00
7.389260536398467138e+00,9.376172413793103289e+00
7.855409961685822395e+00,9.533517241379309226e+00
8.344524904214559058e+00,9.772862068965517679e+00
8.963363984674330709e+00,1.023441379310344956e+01
9.406551724137930393e+00,1.049355172413793014e+01
9.563896551724138106e+00,1.073289655172413859e+01
9.802812260536398981e+00,1.097124137931034582e+01
1.020409961685823674e+01,1.137258620689655153e+01
1.036193103448275821e+01,1.157499999999999929e+01
1.059418534482758645e+01,1.176318534482758693e+01
1.073099999999999987e+01,1.200194827586206792e+01
1.108310344827586214e+01,1.240013793103448236e+01
1.130831034482758568e+01,1.272031034482758649e+01
1.170965517241379317e+01,1.311700000000000088e+01
1.186700000000000088e+01,1.335999999999999943e+01
