4.399000000000000021e+00,1.300000000000000044e-01
4.399000000000000021e+00,2.109999999999999931e-01
4.399000000000000021e+00,2.919999999999999818e-01
4.480999999999999872e+00,4.340758620689655345e-01
4.562000000000000277e+00,6.169999999999999929e-01
4.724000000000000199e+00,8.957680250783699449e-01
4.804999999999999716e+00,1.140056426332288320e+00
4.886000000000000121e+00,1.402009404388714575e+00
4.967999999999999972e+00,1.671999999999999931e+00
4.978893103448275959e+00,1.926893103448275912e+00
5.165548589341693031e+00,2.275548589341692907e+00
5.345830721003134833e+00,2.808156739811911606e+00
5.455000000000000071e+00,3.196225705329153843e+00
5.778999999999999915e+00,3.559668965517241546e+00
6.245889655172413235e+00,4.005889655172413022e+00
6.854734482758621184e+00,4.482555172413793088e+00
7.614996551724136253e+00,4.979331034482758156e+00
9.232545454545453723e+00,5.666884012539184390e+00
1.013567398119122309e+01,6.082169278996865103e+00
1.045145141065830785e+01,6.344451410658306756e+00
1.071997241379310317e+01,6.612106896551725121e+00
1.099075862068965570e+01,6.964758620689655899e+00
1.151432288401253778e+01,7.515313479623823234e+00
1.195688714733542390e+01,8.129498432601881319e+00
1.233622570532915397e+01,8.617231974921631732e+00
1.276055862068965396e+01,9.059124137931034326e+00
1.312559310344827601e+01,9.565924137931034466e+00
1.353077931034482617e+01,9.829779310344825660e+00
1.373399999999999999e+01,1.009549216300940522e+01
1.389600000000000080e+01,1.019500000000000028e+01
