2.208000000000000185e+00,8.599999999999999867e-01
2.208000000000000185e+00,1.022999999999999909e+00
2.126999999999999780e+00,1.275775862068965427e+00
2.126999999999999780e+00,1.590999999999999970e+00
2.208000000000000185e+00,2.016551724137931156e+00
2.208000000000000185e+00,2.302645320197044931e+00
2.208000000000000185e+00,2.667945812807881900e+00
2.208000000000000185e+00,2.971000000000000085e+00
2.289000000000000146e+00,3.328527093596058695e+00
2.444366379310344950e+00,3.768732758620689793e+00
2.451000000000000068e+00,4.114581280788177864e+00
2.617591133004925741e+00,4.678591133004925240e+00
2.938000000000000167e+00,5.000000000000000000e+00
3.288836206896551762e+00,5.256918103448275481e+00
4.367249999999998522e+00,5.603612068965516890e+00
5.626775862068965850e+00,5.730999999999999872e+00
6.795245689655170729e+00,6.042081896551723119e+00
8.214749999999998664e+00,6.525939655172413367e+00
9.579591133004926817e+00,7.025408866995074497e+00
1.036170935960591066e+01,7.434999999999999609e+00
1.106834913793103681e+01,7.921999999999999709e+00
1.139476354679803016e+01,8.342763546798030561e+00
1.179318226600985220e+01,8.829364532019702949e+00
1.216978325123152693e+01,9.420108374384236427e+00
1.251600000000000001e+01,1.005058128078817781e+01
1.288289655172413717e+01,1.058120689655172519e+01
1.308399999999999963e+01,1.103215517241379295e+01
1.316600000000000037e+01,1.133099999999999952e+01
1.328261206896551627e+01,1.161061206896551745e+01
1.340900000000000070e+01,1.181799999999999962e+01
